-4.852725022345554667e-03
-6.966841491418361565e-02
3.861710761610854387e-02
5.063385781408350633e-02
2.253047080922387924e-03
1.040122459718527403e-01
1.333898850006029133e-02
2.363647929155963251e-02
6.811280450726552027e-02
1.243645153307100792e-01
1.347223910351532106e-01
2.002145834831994820e-02
7.101426685137043893e-02
9.170160418952437442e-02
4.734488078371412029e-02
5.755270902548285938e-02
6.782816301604974174e-02
5.473004128907743571e-02
8.027395975801043804e-03
5.551753371929344510e-02
8.975963379537860165e-02
5.744987377397807460e-02
-4.133082826417642380e-03
6.588917480945727378e-02
8.219236948703380341e-02
2.447257200127603283e-02
3.305370497363314952e-02
-7.407982173667712611e-03
4.849946332124271953e-02
4.147723574368897270e-02
8.794371550233590074e-04
2.211898707048196022e-02
4.456724677682254859e-02
1.523525136658977763e-02
7.885444415600287305e-02
8.376863905417303302e-02
9.387785958261349317e-02
4.667912128011856426e-02
-3.879173682840797444e-03
7.671856113425482016e-02
7.519952341814889474e-02
1.058687094359564429e-03
-1.735430470107920953e-03
1.456278564615829385e-01
9.051489090303260765e-02
9.446224244881278043e-02
9.109812699922860413e-02
2.261388095970364234e-02
-3.681874714678355642e-02
1.201662400946875431e-01
9.536068125377851479e-02
6.119826218760224257e-02
6.572187370635486359e-02
1.629216387295705226e-02
4.351581351091584476e-02
1.437447185353051549e-01
6.294165309720137214e-02
5.451839714862383862e-02
4.085803978781658158e-02
5.914034137512551997e-02
1.064803360322923165e-02
1.376953775573243333e-01
-2.566711526784904579e-02
6.891274745700330662e-02
2.702448561838492053e-02
3.067258771252753813e-02
-3.574802598835427614e-03
-8.041972718353468386e-03
9.365563922748162962e-02
2.319311996053696062e-02
7.565336985777423862e-02
-5.277923737515318597e-02
4.806163783007003087e-02
6.300190585853329694e-02
1.195325463929897830e-02
3.495158337903557511e-02
1.798184953252059126e-02
4.751818769067576997e-02
6.305442117347928588e-02
8.060506611148113287e-02
8.397089228343224132e-02
5.497799788242368341e-02
8.018501160184481058e-02
5.148562401073186745e-02
4.100860587664421908e-02
4.395703840204460283e-02
1.990895194433234261e-02
9.392989275942646710e-02
9.173006790485627171e-02
1.439212130081724272e-01
7.691346830291052872e-02
7.747182033712629590e-02
3.457282651500154236e-02
1.120853252200001704e-01
4.887996746396302411e-02
2.629134526388059862e-02
1.009012288384604772e-01
1.285045091113071886e-02
5.414238770638919729e-02
1.958901024383333245e-02
8.063270662482263651e-02
5.650094248195951935e-02
9.392900820630456504e-02
6.443498984422839360e-02
-2.278322612014570259e-03
8.445660576971605882e-02
7.140734317173623447e-02
1.118529172630742530e-01
1.108109048374590483e-01
1.054560508983853062e-01
8.570323168922967805e-02
9.082160712925205215e-02
8.249778687345304951e-02
7.162566883072865598e-02
9.156166792165368329e-02
1.032214639508983317e-01
2.287615932163450383e-02
1.283277362986205983e-01
8.620583855754182512e-02
4.501811002795900324e-02
1.025810205686444737e-01
8.144542184456349254e-02
2.490691760825203271e-02
6.316968042340487255e-02
6.956065403993381968e-02
9.227129483000690024e-02
3.388907633191767799e-02
8.500463943053168658e-02
8.459623226682651265e-02
5.567067304354062635e-02
7.752735491319193151e-02
7.505627138874473858e-02
4.298115553027849478e-02
7.645901459481657669e-02
1.292475798413859900e-02
4.630575489234540348e-02
5.424182813538579867e-02
7.621003482384844374e-02
1.091332436341007489e-02
8.098923963042944929e-02
6.728391529211255606e-02
2.539061851114327029e-02
5.581892921145460706e-02
1.061726336447688379e-01
5.243800822543825957e-02
1.046876405503486124e-01
4.298855789362327623e-02
7.556979482470341236e-02
5.737889004226170292e-02
9.705053273533871538e-02
-1.412206120783084107e-03
1.028505199072586862e-01
5.127331407709927180e-03
8.309298844447984833e-02
7.920684742247426080e-02
3.705924072842196187e-02
1.559369957222088710e-01
6.351590106467926156e-02
1.464500050075696336e-01
9.898294694237334823e-02
2.976650609350946219e-02
-4.787202245531866490e-02
-7.452011174875681349e-03
1.025401685699548482e-01
9.183920015565422146e-02
3.289306674470537234e-02
7.588072490308359064e-02
2.073746546841920280e-02
3.390071614395880756e-02
9.193569740593129924e-02
5.917002261029841170e-03
-3.970676973277915967e-03
6.295742096572951030e-02
-1.807678561262716227e-02
6.399594444517038572e-02
9.503420568474832408e-02
7.300889568067067681e-02
6.951227595047768798e-03
6.525333774466143821e-02
2.033618294260379489e-02
7.769817743185114534e-02
3.922879348096793006e-02
7.627970315069400320e-02
6.353319332095443139e-02
1.412183895169876607e-02
5.245725106270451854e-02
4.306615326267366345e-02
6.609004970591236816e-02
1.583437111347293924e-01
6.620223587367915496e-02
3.958080636595126545e-02
6.008875315413090418e-02
5.527324506009786281e-02
1.256759808112856841e-02
3.757413429317948972e-02
9.311585327501700760e-02
7.301181659608323160e-03
1.140621459018653361e-01
1.022045271185491738e-01
1.090707215580690032e-01
3.073796969672686064e-02
6.312690780875794549e-02
5.223300692390012850e-02
6.800095593251379023e-02
4.173144712942896545e-02
-5.299663139137586465e-03
-4.164539134378569124e-02
6.419042887029541289e-02
5.540617248055948463e-02
1.069852218637622476e-01
8.135687000238772670e-02
3.639504474635052444e-02
5.667659115161974293e-02
6.456224527537177127e-02
1.020639371214982216e-01
1.376022546016668346e-01
3.878752819070592495e-02
3.331750727191606920e-02
4.942043045921527128e-02
3.721335056074204922e-02
9.818098196772695463e-02
9.595580343501716736e-02
5.998348131667178423e-02
1.443686212366182553e-02
5.986999589800769128e-02
8.436024773535347188e-02
5.463103311923851735e-02
1.219546023081085478e-02
2.348143750325145176e-02
5.182281602137650545e-02
1.691795557796733906e-02
3.124492370333321889e-02
5.127430246328747165e-02
1.531075749373891348e-01
-5.698089111513762045e-02
6.063361497954059681e-02
3.588826098168764606e-02
5.965031053116760101e-02
3.168899576036861288e-02
4.828962565391452244e-02
7.068150089491860577e-02
1.135030784358269512e-01
1.898442299773595021e-02
1.018501376026088034e-01
1.638106550398413935e-02
6.036215639557117318e-02
5.305190613196694369e-03
-1.454055826860256584e-04
1.184160544587539998e-01
6.185926475336064878e-02
5.094560680364726424e-02
2.917930694805884878e-02
2.184343161635204922e-02
7.026198702091129844e-02
5.907812789756149152e-02
-2.093757784437079786e-02
5.551367310934737787e-02
6.338436487503884553e-02
6.324771362578769651e-02
2.905670216144938534e-02
4.461572515971704705e-02
5.617440266542331195e-02
6.102603907728357951e-02
4.278655714344947736e-02
9.027998402140730017e-02
5.988643553498442657e-02
7.873957479167853490e-02
7.487029672346848241e-02
6.781332787967687958e-02
2.992460323882384712e-02
9.440196729877101123e-03
3.141529769957032009e-02
6.686166100810693458e-03
4.941270304970531158e-02
-1.046766072340329229e-02
3.161932582174627887e-02
-3.250426664130279253e-03
1.549438401767804230e-01
3.300710938174401810e-02
1.552409178347221030e-01
6.040895174550413305e-02
-2.716788350335799795e-03
6.597765674374610201e-02
5.683411669514383535e-02
7.106786657115232719e-02
5.290446134696236841e-02
1.165856037226805225e-01
5.742012122446411848e-02
9.355972082089669684e-02
6.880179420832023551e-02
5.615576722596536674e-02
2.372277833333097385e-02
9.208113763348650671e-02
1.457684320956966761e-01
2.287918885628642193e-02
-8.785253234696227542e-03
6.921196481692745706e-02
8.812242674623532723e-02
1.018484043052527294e-01
5.125977942926251280e-02
7.435457383120769315e-02
6.553147212607904337e-02
6.999325825334436202e-02
7.322775019093261117e-02
9.044485067050345162e-02
9.710282198529918141e-02
8.903237424293919400e-02
5.183763537581882047e-02
1.046290640572264119e-01
8.972349655829095494e-02
7.498090368303900188e-02
8.756065695663842186e-02
5.597637749616211911e-02
8.410727984370792998e-02
9.401284660938806492e-02
6.790862021501609114e-02
1.358437648978310514e-02
5.255003635704195986e-02
1.122979649845400607e-01
1.155374096104860721e-01
3.681049529170411783e-02
9.882348138074727173e-02
-5.446605668186110805e-03
7.486444977521067301e-02
6.848771514528380344e-02
2.009262426115830669e-02
2.201132303123754658e-02
1.109532693704067680e-02
1.442645692363745125e-01
-4.849494427236020200e-03
1.876449730607791105e-02
-2.247058236463000958e-02
4.003079795003267743e-02
1.250172567610168262e-01
1.047036815039534691e-01
6.874969989266944970e-02
8.628528155149121914e-02
8.484293932140173078e-02
7.888068681375350055e-02
1.165671299133183292e-01
4.242197906880962321e-02
1.026601866720354694e-01
5.378942919153793106e-02
6.704167138256846015e-02
1.673755320574166205e-02
5.332776488866411424e-02
-3.527948646752886164e-02
5.180491448781945202e-02
6.902950941195884482e-02
3.565181386551388026e-02
3.284430599773431603e-02
3.594565618292901166e-02
-1.548748793104948868e-02
3.734525683094536835e-02
4.923452938502419218e-02
4.850038803334918991e-02
6.276195725088914990e-02
7.957087822801545141e-02
6.468136588175889268e-03
4.999403441242020185e-02
9.867020432398779239e-02
6.790098228978541650e-02
5.204892821494486177e-02
7.219584242911042393e-02
-6.758126376034448435e-02
7.315586032099211100e-02
3.615443144300047040e-02
9.549645338807891126e-02
7.372711087694917842e-02
9.124507347890799258e-02
2.298324475379795451e-03
4.529190434515689700e-02
4.681923975965806423e-02
7.045276498676311672e-03
5.710740227163575711e-02
7.311930585293834051e-02
1.220002521239085952e-01
5.285847826341356914e-02
9.945627159353588598e-02
6.965909431623490411e-02
8.147651167981764808e-02
5.027611900312126125e-02
-2.496694001511685912e-02
2.093737012939684769e-02
7.026028033724894539e-03
6.575893965117601825e-02
-2.979365209050677255e-03
1.872992015218374884e-02
8.170861599218949556e-02
4.515142373877988752e-02
5.426645996538520533e-02
8.040792012479028306e-02
1.033133312913348256e-01
7.930484776540919212e-02
3.956980344854185011e-02
1.054379647535605979e-01
4.509431079911409984e-02
5.352249357713366462e-02
1.324779076535293754e-01
-9.554956689842145079e-03
4.112474411054557050e-02
5.449046565514654994e-02
8.674756811172990023e-02
6.232017297919086735e-02
1.229532397142129585e-01
8.886277731880923292e-02
6.151514228750999680e-02
9.787261722326381225e-03
3.811419263248444489e-02
4.774479987581498053e-02
9.038034662707956912e-02
6.807637531323518232e-02
4.988236148007066384e-02
4.532489970743946994e-02
7.150944146074564300e-02
1.473554960617086407e-02
1.116034330177803485e-01
7.404748495555518728e-02
2.073650944594952750e-02
1.534585944000758095e-01
-2.393412945194393210e-02
9.048865168152428473e-02
5.767407863279928881e-02
6.311347502879607885e-02
4.362450417410110304e-03
6.689990166330507526e-02
7.522679966328094103e-02
1.114188155438365774e-01
1.143770763128310053e-01
2.591835911589802227e-02
7.757373163449439446e-02
8.145628756625099276e-02
6.744936017103765613e-02
1.013253209915368630e-01
7.161330044671769535e-02
7.121270227470546943e-02
2.662568349866025960e-02
1.086911544065573831e-01
3.018349361794017693e-02
5.685575855740691853e-02
6.334570559335468698e-02
1.301226952357997790e-01
7.406848491487409702e-02
3.145912867808446645e-02
5.820303967900517655e-02
3.942580932272003735e-02
4.314589439527156955e-02
5.061825272758600780e-02
3.482992914158396236e-02
1.413843670029819033e-01
-2.820706819868804005e-02
4.599443638944904211e-02
1.268260680619197334e-01
-4.394923199767954147e-03
3.790238488188269611e-02
2.143789216396313480e-02
7.358044543684842675e-02
1.110570281474133891e-02
-2.830171629972282055e-02
1.213107457802156675e-02
1.604208249772617334e-01
1.412564607070375400e-02
4.853337975513014046e-02
-1.735988149367399119e-02
1.065264938558711516e-01
9.359554061663995228e-02
6.279887724269267446e-03
5.128620834788323590e-02
2.585176460430751999e-02
-1.146246440348120538e-02
-1.366903559961991921e-02
7.665099252732746060e-02
4.733882595815221833e-02
1.899560347593036436e-02
4.743358381953673153e-03
6.311788522958654279e-02
9.673862552343363841e-02
5.532017666133736550e-02
2.638335460039983871e-02
9.860185522884933051e-02
1.584346384102514743e-02
1.066759650509029045e-01
7.108059864847574016e-02
5.919766537939832179e-02
1.311238313732383115e-02
1.967251345516021072e-02
9.102133125904270095e-02
8.019044006241465850e-02
-9.099948556285562817e-03
9.672710403075659991e-02
8.512247833639700889e-02
6.156853488507953859e-02
1.438770046318533502e-01
7.660870142851142206e-02
-4.372378250815586731e-02
5.356031898141012243e-02
7.131450381147541595e-03
3.769597340715442196e-02
1.068102455915711652e-01
2.374641243691581055e-02
7.454826066883504798e-02
7.057091632406142789e-03
1.215797226950780241e-01
8.711773535755450160e-02
3.300517294628485532e-02
5.697349219783350710e-02
3.708747380605341426e-02
1.311302261847175077e-01
1.006110330178960899e-01
1.135526691690956907e-01
6.518507801051974526e-03
5.794651521147638207e-02
4.227618636969254773e-02
5.202303593372118590e-02
7.580684050789140982e-02
1.250153655732678670e-01
2.333907043999494668e-02
5.896001827232424247e-02
6.992178807929896878e-02
5.869634983690057151e-02
6.202022219866971942e-02
4.664592695663311722e-02
9.050289099532260462e-02
5.255749095899827500e-02
8.136832104057079018e-02
3.080413640789166768e-02
5.374057597502878564e-02
8.777679155419071400e-02
3.020332511019048483e-02
7.323905252273268940e-02
6.153653935193483665e-02
7.824436993373531934e-02
7.791422012698971666e-02
6.062983163593253094e-02
4.977017462718608815e-02
3.814451210187139174e-02
9.955266919904379175e-03
-3.385618898401243637e-02
6.150483670339293440e-02
8.585380798839192806e-03
1.097571928185280127e-01
-3.673924250519419732e-03
8.752763310615865877e-02
-1.421895329727362878e-04
3.975721067228756012e-02
1.513445369349197822e-02
1.004134686548955463e-02
1.587976027415409774e-01
-3.849116411853953368e-02
3.947672075447801465e-02
7.175884410559313364e-02
5.718061297111108610e-02
8.033532831873005375e-02
6.828879017545000374e-02
4.432861348113201899e-02
4.939966958179952544e-02
1.101674677834153793e-01
-2.251371100916049056e-02
5.774149048324460354e-02
5.777224334620417734e-02
1.850972770186226635e-02
1.318502078852052672e-01
2.769527831151799568e-02
8.318780963485082613e-02
1.167730593468348510e-01
4.104952990844093486e-02
2.336021083189752934e-02
7.751555338700823194e-02
5.027363862074532563e-02
7.093174283824198179e-02
2.310775661528068764e-02
1.244383752973010626e-02
-3.618140864615850688e-02
7.628706816897130871e-02
1.806796792285263881e-02
-2.096117269748232204e-03
5.614283301086753220e-02
8.426924940053935609e-02
5.036820413234637667e-02
1.600278573612207433e-01
3.875693758728482319e-03
3.748813430618759546e-02
7.963614552117914691e-02
9.018089500864566455e-02
1.465791497467097415e-01
6.511525417746769073e-02
4.124836911710681731e-02
3.379077371323323947e-02
8.422857351881826715e-02
6.270995218136293792e-02
4.016871745030289875e-02
5.190955792119046619e-02
4.174094732503901006e-02
6.136590500229190115e-02
-3.213236332103133752e-02
6.427216457791008752e-02
3.371379046186844669e-02
1.333391068338511398e-01
4.063331566131338224e-02
-5.623269452761259224e-03
1.016431639932290909e-01
2.320384095234965388e-02
1.265254028719206836e-01
5.377714327947252793e-02
-8.101244283161390669e-03
2.975720816646730549e-02
5.714905429487909805e-02
1.232874774672800683e-02
6.711972375796387835e-02
2.520382254219086238e-02
6.002952694597998851e-02
7.868448446164170995e-02
2.252704939201438661e-02
7.563127865151358931e-02
1.092483759658653963e-01
5.912191151090036290e-02
7.467869958208642189e-02
5.648010207753389328e-02
2.327419574375092642e-02
5.112040753087639805e-02
-1.659793149899765896e-03
8.576214133169467180e-02
7.661074197026623844e-02
1.751464844980106517e-01
8.092102765943552656e-02
7.824305570313974667e-02
1.870873560606826913e-02
7.969673993066460349e-02
3.471090901423140584e-03
9.497810891243005371e-02
3.737584104802715856e-02
1.176022785116873082e-04
4.548558373667194177e-02
6.015002203885745635e-02
1.158367876281031494e-02
4.200512590765632936e-02
1.113112623044484328e-01
1.283951014652149336e-01
5.146497274515605957e-02
3.529396409738726204e-03
1.930515805285068498e-02
6.774041087771986991e-02
1.181555296579814424e-01
3.003795537795152237e-02
1.129416415811556468e-01
9.386009289475753803e-02
1.159188973715818138e-01
6.455959384545138791e-02
1.720541542464681939e-02
1.243418170519407229e-01
8.191904320669740613e-02
8.686453824453035932e-02
3.798966049166552922e-02
3.312656060091499766e-02
2.050659684878122085e-02
9.780410154888068142e-02
-1.193393786036939241e-02
5.154021372036973053e-02
6.813259455591254288e-02
4.605494402858133218e-02
1.093706722388533836e-01
1.440938764329582900e-01
2.864512250203217827e-02
6.320719129888505150e-02
6.212581554239822446e-02
2.174796152496220186e-02
2.954406134993043526e-02
1.045589561363673842e-02
6.937164335060333475e-02
5.545624019655177872e-02
8.995148810490974367e-03
5.462233337579683323e-02
-5.221935285798898208e-02
-2.369957404265291695e-02
8.267872683969973435e-02
7.943513888310979598e-02
9.811213474186591954e-02
-7.415932231314321943e-03
6.216887535070035609e-02
-2.426552057965972176e-02
9.283790662261760807e-02
1.684463050527001959e-02
3.299601556411819320e-02
7.616548860595677428e-02
1.202327767547304305e-01
7.607107883976074736e-02
8.288740072427069894e-02
9.135195230467013650e-02
9.736715995160152848e-02
-4.076577110340193211e-03
-1.471020261329587797e-02
3.203488592942111551e-02
9.984002938145633554e-02
1.222786120762859863e-01
6.215966721192695693e-02
1.894723260433312656e-02
9.195071095326835808e-02
3.655800469413061915e-02
4.268785443202875729e-02
4.600460912788595369e-02
8.081863115379467333e-02
1.058966302554933264e-01
5.591633020655560615e-02
7.516031568453926393e-02
7.353397143862600016e-03
5.090770702896320332e-02
3.576556065666028350e-02
1.009949823555125054e-02
7.451490683611503019e-02
4.404371313530027615e-02
1.464417377914305728e-02
6.821987180884747648e-02
5.541263179867431110e-02
1.728098915652444625e-02
1.774470518986519252e-02
1.018854718815681293e-01
1.738902065506468461e-02
8.158948051888158248e-02
1.176171609095176540e-01
8.010317255082571863e-02
7.902364078089450794e-02
1.749803748476096849e-02
1.235919530982202211e-02
9.940119991317142301e-02
-3.487252393481064805e-02
6.148428647414828918e-02
7.751036051321279208e-02
8.208567603067361274e-02
3.825117089308350399e-02
7.369058573302394999e-02
1.489542763917372364e-02
1.663881327577129005e-02
4.464576261765529352e-02
4.281114343829516000e-02
9.173732129598820284e-02
6.723813700110729819e-02
3.318808397284954415e-02
3.308914446088899453e-02
3.440832561280687818e-02
6.947229624553413752e-02
1.265697677309029490e-01
9.977952080989761774e-02
3.392461519877363468e-02
1.272351877070061754e-01
1.117186168178301298e-01
1.360752979199925661e-01
4.003237994095347474e-02
2.726772031351338416e-02
7.495849201159263120e-02
-1.874936524774599780e-02
3.642543968694447742e-02
2.232952230139052113e-02
4.012454814439023187e-02
5.858036795514656725e-02
3.793723768276827113e-02
1.048013289373137674e-01
3.390972681347078493e-03
-3.176843101244321288e-02
2.877502797515563843e-02
4.264254335364924681e-02
2.550588056803593587e-02
1.056547296276440784e-01
4.267107066818211919e-02
-2.423664668480032813e-02
1.050598672879949347e-01
5.981848586754053704e-02
9.841764371545977386e-02
1.109859584891293299e-01
5.052231823198807814e-02
8.009737350953519130e-02
3.471061261297568590e-02
-7.113643707219174939e-03
3.423837727249376406e-02
-2.774400800031202874e-02
1.406911147631014491e-01
1.943374478969894792e-02
8.250658505357155725e-02
7.206584558784569217e-02
5.586434973033198303e-02
6.940473521999027118e-02
6.473378597595733086e-02
2.705982542509805661e-02
3.516522879494167475e-02
1.894901211794923490e-02
6.407521257452658547e-02
6.982985623933743446e-02
4.390591984247403656e-02
5.706551911352162471e-02
8.224289122378727890e-02
1.253733300277227181e-01
7.714364756393007894e-02
9.277142178460563715e-02
1.124636232648991013e-01
1.188555382667266513e-01
4.975795498006757578e-02
6.546729993873914855e-03
1.087596382336156881e-02
3.895175744901201165e-02
1.424756773561921264e-01
4.061154972620399650e-02
2.772446333336276922e-02
1.676401561930579431e-02
-3.097756950216193350e-02
-2.649300191351371819e-02
6.068539080577628475e-02
1.202074001159888217e-01
7.814216872535550973e-02
7.943261890588489138e-02
8.450625945111175930e-02
6.924993175638122223e-02
1.047328995014623620e-01
6.534044791030671484e-02
-2.020134779904235456e-02
1.278448148370735504e-01
1.098701209899942549e-01
-3.563578292617321230e-02
1.148028848227192616e-01
2.812001208949276021e-02
1.425140946479459478e-02
1.298303963475967437e-01
6.236408795744219358e-03
-7.226865492209938457e-03
8.288288749477761008e-02
4.819182434400014897e-02
-2.096500651104934998e-03
1.588199784937298353e-02
4.374909603391822360e-02
2.354512352147310195e-02
3.069336253375800141e-02
8.456751495690732756e-02
2.401424808581380937e-02
7.733482283093556786e-02
4.530784201610761619e-02
-5.266070854912247023e-02
6.082961449490506545e-02
-3.069794294964310610e-02
-6.255690078878148319e-04
4.619632024538360138e-02
2.453314803570760122e-02
3.436883491830634851e-02
4.981984035075685824e-02
1.636441220555505394e-02
4.702574454949814964e-02
8.867637889860877087e-02
4.487645755699124633e-02
3.648167673330526828e-02
9.113046946336336718e-02
-1.384993142822595058e-02
3.180718208485761034e-02
2.601064155674697592e-02
4.056758231764747563e-02
1.584429296978989016e-02
3.832990918303250116e-02
4.534325287931809112e-02
5.026177950950703327e-02
-2.317783898087497074e-02
2.183202996615724728e-02
6.564703273535475725e-02
2.795033975957646188e-02
6.292088463128911457e-02
2.911799431621755335e-02
-3.139439393687652735e-02
2.549801930298507824e-02
7.209586584754817951e-03
3.680998973287319398e-02
8.181858712177374204e-02
7.472575405538146864e-02
-1.568458995928704094e-02
7.555851405336666549e-02
9.832003116803918197e-02
7.209202236008589726e-02
6.627483248372517677e-02
4.939184141806225725e-02
3.767536431560346288e-02
2.070190191260981930e-02
4.269656214763122709e-02
5.155466823350483840e-02
8.581928736999283602e-02
4.061589096413190797e-02
1.014781848402844106e-01
8.064872790132501801e-02
-1.079518946774796206e-02
8.179852655099294212e-02
9.096197443737566446e-02
5.539401748984888740e-02
-2.680677391558151240e-02
7.038020426508403982e-02
8.374070723894086465e-02
4.487575525048316527e-02
5.185781067246507392e-03
-1.145378322341293609e-02
9.301478312932112691e-02
-1.425907529878299440e-02
6.879020355424647626e-02
-1.081960739509475744e-02
1.089682674099166082e-01
1.415530806752437198e-01
4.155249369474635357e-02
4.580914431616518734e-02
6.414909841609059415e-02
-2.662398201848186277e-02
5.976668145106473623e-02
3.913300791834316283e-02
6.283972280210772809e-02
4.557801244037219812e-02
-4.754507656922896119e-04
4.294655527566823561e-02
-1.572753133503347611e-02
-2.651834369668319702e-02
7.913331460005004758e-02
9.570434591217981402e-02
3.944702304440678847e-02
7.037778281599757491e-02
4.841463427142515819e-02
5.345470621327577665e-02
-8.095736103311532150e-03
6.412777227888437348e-02
-1.534971758029190364e-02
2.068438028517084748e-02
6.975119161669612877e-02
7.127967035549161168e-02
4.084483950580759803e-02
-1.566319211947742734e-02
1.046664368386450716e-01
-1.304364939364236614e-02
4.561730761657729893e-02
9.465339473221558164e-02
1.717445797217606249e-02
8.130784673402663421e-02
1.020241124890408635e-03
5.667135361166632246e-02
7.902310737001799756e-02
1.024678337532294696e-02
5.799508989398895198e-02
1.639037364025066473e-02
-2.445987589294483164e-02
1.071308191690831801e-01
8.222615173860892135e-02
1.755983992821337492e-02
8.857064175502049608e-02
1.659235139884949195e-01
1.179018132972514676e-02
3.605354412369816963e-02
5.893739645072875594e-02
2.684140236237312141e-02
1.612941034773072296e-02
1.143948070008136281e-01
3.748586611837752269e-02
7.865516313129615467e-02
1.213139379572290844e-02
8.932315912828836524e-02
5.441235316685691381e-02
2.259414653538823203e-01
4.536069487370004982e-02
7.586809442073916276e-02
2.553683652289860662e-02
7.419488300169944928e-02
9.502481644167368180e-02
4.440040265992894336e-02
3.470504997518289447e-02
4.301400118079817814e-02
-5.419546453577722689e-02
4.264036794975857581e-02
7.011831863580424672e-03
3.596351276813340020e-02
4.119600780400989315e-02
-3.551846017529003419e-03
2.970914097596164677e-02
-2.532854337756725027e-02
5.947060195174308506e-02
4.061152245463593019e-02
9.285016123758690898e-03
-1.671702944373937294e-03
1.175014249259459798e-01
4.981976166497646685e-02
4.137977752420462368e-02
6.645347250688528329e-02
4.451015065157817863e-02
-2.984302509086003696e-02
-1.179033021363159670e-02
8.202114822001511929e-02
6.958719117772206586e-02
1.078260979093579874e-01
1.063776648692916632e-01
4.577359318996290088e-02
2.256953392886313844e-02
2.328615128512769028e-02
6.019136782999505442e-02
4.509400361692065401e-02
-5.401481780379163711e-03
2.646455313710724400e-02
4.351652531836921328e-02
1.294160159890517248e-01
6.985051746575764164e-02
2.170315445600055210e-02
1.091816622203633791e-01
8.816940561084533542e-03
4.376430213811167980e-02
-5.771453847765607714e-02
6.837266261167893044e-02
8.616083703853961995e-02
-2.583147167969131880e-02
1.141609564887333950e-01
5.740944103859287051e-02
7.573596602574944603e-02
-2.151622946089038965e-02
-2.131541309187891253e-02
5.320267992743188401e-02
7.547816672843338237e-02
8.593539307483809286e-02
8.642358019747749254e-02
1.256275812344876536e-02
7.704086446202841609e-02
-1.225635585864637972e-02
7.838596809968832735e-02
4.252526510742275084e-02
1.782848347885514217e-02
3.915843563303797459e-02
-7.336515204186232209e-03
-1.956814251861693083e-02
9.522462979065438732e-03
3.162198719059836072e-02
5.239533518377752219e-02
4.187628249360270810e-02
3.633659696505504855e-02
5.959903082071537489e-02
8.776715043288224605e-02
1.404632393312942040e-01
7.450493379658779114e-02
3.172756571230146011e-02
6.650878739017940244e-02
5.730088209203963029e-02
9.872865752202691914e-02
4.519618134691770484e-02
7.311574196201812981e-02
4.938649320148423560e-02
6.198241893821768156e-02
9.494446263568812050e-02
1.241770317686207437e-01
-7.231811905468545076e-03
1.099026950137291236e-03
-2.575177164472294833e-03
3.170523184760305063e-02
4.264290842452708730e-03
1.051018584602631256e-01
4.379037057490675622e-02
1.101685249772068886e-01
4.178101502846645610e-02
7.417899750382314639e-02
5.588434956943736515e-02
4.795600106464201207e-02
6.034278010764408673e-02
7.209832643827293608e-02
8.090570981902239778e-02
5.463592820204880851e-02
5.902248659528326613e-02
1.098098928596955015e-03
4.481100568019689978e-02
5.751170883304194265e-02
9.242313348338984658e-02
1.214463369895525391e-01
4.907549680208068976e-02
3.408055855788343774e-02
6.779600304421228019e-02
7.783921897035617210e-02
-1.078977647229602266e-02
7.067226211100481603e-02
9.957900881619373423e-03
5.813822597509184925e-02
-1.942450240777017501e-02
6.014391652850870768e-02
3.513040751367715875e-02
3.418456441758950526e-02
3.399473484484567820e-02
1.403516262383665975e-02
-3.877531124586285766e-04
1.181491529681304720e-01
1.636124342113680352e-01
5.375795602996907840e-02
5.226945591900057642e-02
6.639815565071136017e-03
4.856022922738501696e-02
8.576557776795661059e-02
7.976654535891690434e-02
2.064400882815910221e-02
1.367379912569205436e-01
5.710861485295190554e-02
1.552064042743304950e-02
5.147285893395037171e-02
3.102418389875571947e-02
3.123017602339038870e-02
2.802911520760768133e-02
1.401774500672677837e-01
6.711136754937531423e-02
1.525824631283207999e-01
5.983754553022511968e-02
1.563316820515585903e-01
1.494075624849399431e-01
1.337853528573391404e-01
3.313857358965329597e-02
8.362507306803643181e-03
1.719285262896992350e-01
3.026330633962501584e-02
1.461390653350568003e-01
3.550803542453187522e-02
-2.262751421602149371e-03
9.348328531687961906e-02
2.044159511063396023e-02
1.641614209764551829e-02
9.978791292441593908e-02
9.669869971326425229e-02
1.978039152255124666e-02
3.556658740435161142e-02
1.741494745098359775e-02
7.730159839782591025e-02
7.823951008864410417e-02
4.803737087158072017e-02
2.651359053596869658e-02
7.439753375008198444e-02
4.770296906396289532e-02
1.030431468216967822e-01
-1.331421813913873098e-03
6.738479787175832847e-02
7.136142137005183073e-02
3.796917740866888324e-02
1.086344951349624832e-01
7.859010670956875777e-02
9.923442028633419620e-02
1.166099166906924417e-01
6.652488865167917320e-02
6.937804042046574748e-02
4.224228639481607261e-02
1.225217596393047281e-01
6.179235911000155457e-02
1.888065513527113215e-01
5.253375395234921585e-02
2.459978074708987078e-02
7.344394445035742902e-02
4.363992727286383766e-02
8.044863868310950239e-02
4.377722546492769651e-02
1.488576013197481229e-01
2.093016551891675042e-02
5.436824865352739289e-02
1.381820755576820131e-02
1.555759352841554477e-01
4.076955795806590233e-02
1.441808728149251984e-04
1.367231615925325050e-01
1.063721386382309592e-02
9.112418111703317336e-03
1.221996561759659816e-01
-2.675030729857683087e-03
6.089731943985058488e-02
5.665214978987075101e-02
4.265413219786581833e-02
9.538670563231951838e-02
-5.818354524511598624e-03
4.960004492421092592e-02
-1.301988851748311915e-02
8.866415424708981585e-02
6.870433760906288767e-02
7.868341620068206033e-02
3.858605373773593694e-02
-2.719014299847714866e-03
1.136062493397467926e-01
2.635060711628049723e-03
1.461136006233813844e-02
5.844824002786624950e-02
3.445723361576559507e-02
9.831258459606213862e-02
4.985190750333953758e-02
4.521707468697464677e-02
5.438258309490493631e-02
2.104553879664942950e-02
4.499027124920874227e-02
9.264729829789009052e-02
4.437404190899743583e-02
4.801580493194645277e-02
2.542657539782942899e-02
7.113696758424460642e-02
2.922832265720866352e-02
9.196009442361371966e-02
2.416334302703427445e-02
1.144099036192882390e-01
1.313427647646601693e-01
2.879337078403140793e-03
1.039414727688087181e-01
3.403656982248774721e-02
4.525297026145050361e-02
7.344153286764214250e-02
7.051241943176571325e-02
1.292437243603046793e-01
3.447777751495365028e-02
5.468119798863249614e-02
7.557516628884877741e-02
6.664230972748703963e-02
7.637817655154703622e-02
-6.975851940175498145e-03
1.064631581031693641e-01
6.475448290446479682e-02
-3.804003657081167500e-03
7.346095503574619212e-02
1.239571347202368841e-02
7.125767557440798594e-02
5.697595559572263268e-02
3.007413813457040716e-02
6.033384367035422163e-02
8.823176327010870401e-02
9.400752391929242946e-02
4.049242942950104229e-02
1.639977835986060339e-02
7.785652901054417041e-02
1.344831083653482418e-01
8.919662588167072415e-03
4.983988204210445389e-02
9.980762955128522074e-02
4.906189118872553157e-02
8.885026544561057393e-02
2.185330896010300589e-02
9.021540627069395135e-02
1.119629331900549724e-01
1.745819038949334712e-01
8.093722921347761001e-02
1.179351462054388233e-01
7.197236147012626983e-02
5.426539137100240551e-02
1.107753731079424014e-01
1.832342478392810087e-02
6.968810138708689261e-02
5.427395947353585992e-05
5.405867745948499115e-02
1.295465267788858121e-01
5.514342160858186348e-03
1.035894868354995807e-01
6.783839506328870166e-03
4.711657899743301736e-02
1.126104598352497127e-01
3.772023676761639133e-02
8.678378997143973428e-02
4.867825988030509421e-02
-3.205199331889660441e-03
5.658369344431553316e-02
3.778954895314405593e-02
4.349022922327691609e-02
8.233507441375761959e-02
4.783009549250546305e-02
6.061873554345514198e-02
7.196651221366770490e-03
1.180419614137557111e-01
1.934713776585787054e-02
6.085721287660243034e-02
1.870183022221371533e-03
3.425767802601532852e-02
8.487869130149741648e-02
2.583537574812253684e-02
1.950786638512755355e-02
7.177966315016437449e-03
5.360173936648589960e-02
1.025936417899633579e-01
-2.362082696459235492e-02
4.214547070736078538e-02
1.027684313896470858e-01
5.463883013191941918e-02
5.272710881374455261e-02
-1.947714625408426131e-02
4.273379930109790642e-02
6.489138904519804740e-02
8.337319531453774024e-02
5.772910212374265937e-02
1.117584904356065667e-01
6.640584712390930344e-02
9.377555020482344905e-02
5.861461295156863288e-02
9.879863848164929796e-02
6.670921230314713624e-02
7.950867217034965351e-02
4.249504678493372378e-02
4.662061735558049869e-02
2.762640993485417779e-02
6.417461052905762409e-02
9.252542961481136086e-02
2.496276098869383564e-02
3.074875228750403866e-02
2.636067147263822241e-02
9.436741840367496303e-02
2.313541261930265880e-02
7.310115959994516188e-02
-2.211247124177202761e-02
2.413453630129619443e-02
2.151758054541520054e-02
1.109793831155843624e-01
1.040167192798065326e-01
3.671949217789966663e-02
1.112345855227693109e-01
8.956401751579784465e-02
7.915112021847992008e-02
5.790979698544299753e-02
6.248909967759809503e-02
7.745500474566791027e-02
7.014368084363364897e-02
9.514336543661783274e-02
6.782660183085020833e-02
6.393039727931670857e-02
7.679197347339598856e-02
8.667162947058271172e-02
-5.056761921736367682e-03
2.532464726244385012e-02
1.248060470701676389e-01
1.125920211375575214e-01
6.393324822696232201e-02
8.252276466319125037e-02
3.267696138217157653e-02
1.141349398007187599e-01
3.885434486944950444e-02
1.633882571958934771e-03
8.572331728841080245e-02
5.756944765018550542e-02
1.123001778676887968e-01
1.000758355399452848e-01
1.271550428823083057e-01
5.745497971681904487e-02
4.956084321531810388e-02
5.885046454645448399e-02
8.274142991558797178e-02
4.562999488404755749e-02
2.721159026487827287e-02
1.944050079469831355e-02
7.552902438276049013e-02
1.631436463487216382e-01
7.846635361676401743e-03
1.834629934621676006e-02
4.268411104724579436e-02
9.383554370015789736e-02
5.849063154100072465e-02
-7.803697725620298287e-03
6.979839813052012010e-02
8.193188395252810896e-02
5.881012172353955458e-02
-1.047228684622937382e-02
5.801404056558378403e-02
7.038343140266589693e-02
6.081722366183519440e-02
2.892020942764021024e-02
3.213502569111426066e-02
8.336536227682757316e-02
8.547929268852143270e-02
4.372798767547081411e-02
-6.594826722671094654e-02
8.031768925491940270e-02
-5.879953799374684764e-03
3.103730200742980949e-02
1.836863630822245519e-02
8.910908262860203766e-02
1.601356168598867813e-02
1.130499032312457519e-01
1.390954084386128095e-02
5.036094372615577963e-02
9.792971589920146380e-02
4.850021962688862848e-02
4.213299530370104296e-02
-4.613906405399770261e-03
6.320443936285491393e-02
4.661653311397741251e-02
8.842623338985083903e-03
5.905980328446262806e-02
1.475552569960520560e-02
5.262407777636518569e-02
6.515036514286531855e-02
6.299995854125074735e-02
8.466515335687258004e-02
6.686285630079395748e-02
4.639942998643796501e-02
1.830622935050885691e-01
6.745431861332221168e-02
5.680975557666343573e-02
4.056613503262306020e-02
3.507407784533764228e-02
2.823129541039293838e-02
3.877513346125153332e-02
9.363011163317767893e-02
4.471896569005863464e-02
4.853507802390037706e-02
2.158058085623272906e-02
2.532560491163649702e-02
1.040620228242022383e-01
4.069476392037196799e-02
8.937891391736743629e-02
6.832210958531767520e-02
8.954924642080605568e-02
6.693288572543212855e-02
3.073990269571786477e-02
1.055067462234744735e-01
5.994333165904491834e-02
2.671076597949492357e-02
8.523286650727754377e-02
6.473006208018411423e-03
3.626889238199262899e-02
-9.204854524388933479e-03
1.102633335093751443e-01
8.707301090858066139e-02
6.202730894518330984e-02
1.987675952039488769e-02
2.841282170006851834e-02
1.110981108223982328e-02
7.524579841581768846e-02
6.293348349436000966e-02
3.363950188178466139e-02
7.715280060199748713e-02
5.858859735764691129e-02
3.856196601064059565e-02
1.034793196444425412e-01
7.786656570715029535e-02
8.808349908400876782e-02
9.006191875226475518e-02
8.801119883610418471e-02
5.395625301600259771e-03
3.959675813477155082e-02
4.086740533185989621e-02
5.693355201052640452e-02
2.585928162540233888e-02
-1.322843168840300010e-02
2.596178935298987245e-02
4.788748441820812884e-02
6.277554596189552361e-02
2.129388374291067004e-02
2.200498651630616864e-02
5.851111777685213955e-03
-5.357729753432977082e-02
1.302109710767801465e-02
-1.135738664326634423e-01
1.060328997126438605e-01
4.324903358610458770e-02
1.602115821566867104e-02
8.572313145965457237e-02
8.183838071380303281e-02
7.557066953294594436e-02
8.049139062778266906e-02
8.343251993745529060e-02
1.088201185453139958e-01
1.215068833931651215e-01
9.757381145105123443e-02
4.686644500445281275e-02
6.388491230353288142e-02
-2.017296649745974751e-02
2.038379299341266243e-02
-4.478976771824884351e-03
2.205378216161639482e-02
2.977007544970895064e-02
-5.063734972773285825e-03
5.812732900160516580e-02
1.280280874854959616e-01
8.013538732211610005e-02
7.906102444903843895e-02
2.779319862577368794e-02
7.260909699158166197e-02
6.708561545495740630e-03
-4.534447647534273207e-03
-1.447147172046699820e-02
5.381262967608709674e-02
-5.992648305743419890e-03
2.784419857834673218e-02
1.045615781732926325e-01
9.512619923526444143e-02
7.893500564524758012e-03
6.626717634805096013e-02
1.256249270390975836e-02
1.954311308114772827e-02
2.227550156062141351e-02
-1.105539670647953665e-02
3.800591836459471518e-02
3.851662774687120150e-02
6.310827383522657485e-02
1.388690749475209318e-01
9.628639539470724984e-02
4.247126365842424089e-02
4.741878347202410637e-02
6.293957624929998051e-02
1.017839116516897208e-01
-7.768699356602293271e-03
9.557630285813792370e-02
5.402980496168442726e-02
5.812981130098933413e-02
7.624639244032088703e-02
6.418137432385478958e-02
1.626508450026066185e-02
4.468059251555058647e-02
1.054119114994830908e-01
4.995429687430397170e-02
3.097663124692558861e-02
6.317560436315633465e-02
1.862551467144099582e-02
1.558011313084831095e-02
3.181230905448370616e-02
3.567365332516093251e-02
4.240188398724680646e-02
9.663057106959993536e-02
1.840308077939476622e-02
-1.080768336180961200e-02
8.202711383523991762e-03
-2.598845162125524438e-02
1.064557075138625186e-03
-3.057299792967026197e-02
3.807012192457191746e-02
-2.070660897456439928e-02
1.012217059849395001e-01
8.161081368128630942e-02
9.758189338483203024e-02
6.250656461591791446e-02
8.002163865962241829e-02
7.039670610580933685e-02
1.061309614678001556e-01
2.529643556703286417e-02
1.278607096504499885e-03
9.952166008511448281e-02
7.102868553615585001e-02
4.256791237471365535e-02
5.288899251013406272e-02
3.331791750793883233e-02
3.021809755347089343e-02
4.957644658282731043e-02
3.018666287778774479e-02
1.130683716193771060e-01
3.607182195196783486e-02
3.347035388980679205e-02
-5.121605808338825644e-02
3.821544056175237014e-02
5.235778687317596547e-02
7.400849544651268153e-02
1.338383071223372134e-01
6.234496447032574634e-02
6.342232805593175926e-02
-3.991062302018894004e-02
7.196267155189332854e-02
8.026950419724002139e-02
8.263311370203604844e-02
1.019291558686923893e-01
7.664149363171526841e-02
8.644022515079494151e-02
4.996066934414638422e-02
-1.795257070824522738e-02
8.272959289814824091e-02
7.274877892350029018e-02
-6.649382372937315266e-03
3.721718943371375016e-02
9.512737372265804570e-02
4.577108880598445423e-02
8.647393134052754060e-02
7.579067583356402515e-02
3.913346805004444540e-02
1.161010361656443640e-01
2.125979979260497060e-02
4.024677987612876318e-02
4.978769548857199523e-02
9.311309736343749421e-02
4.980302523729529529e-02
4.383864031411188744e-02
5.975416527922859655e-02
7.534113231616924866e-02
1.246412147051149805e-01
9.907167376432379768e-03
8.582278907030427284e-02
2.902029852336218685e-02
1.041126890557760032e-02
8.407157140089707714e-02
5.092612363582452173e-02
1.019510755174687922e-01
5.597495784299563737e-02
1.065012927732384429e-01
1.097795641846109616e-01
9.686175120582254938e-02
7.844736814845323924e-02
2.678660626140572792e-02
7.340723178053429332e-02
8.358856321144327028e-02
1.073876342565690256e-01
7.333236294241395059e-02
8.353720575632087031e-02
4.063493733309692102e-03
6.431123290017720651e-02
5.231780945999807420e-02
6.278623799863411459e-02
4.431238284587431936e-02
5.290073985430260306e-02
8.807608113081379086e-02
3.668466543791406437e-02
5.092050525143340667e-02
5.890474662953316953e-03
-1.177971094853703937e-02
6.629381055480851326e-02
1.998322154674317397e-02
-2.951643672099518029e-02
6.676813142486318076e-03
-2.332650981598723486e-02
5.652783226932382027e-02
1.133194173007593675e-01
6.526234744920417219e-02
1.163012662424541405e-01
3.139191208562699259e-02
9.322514381222525570e-02
1.310326531584111442e-01
3.634673072654921733e-02
9.843162650708597861e-02
7.747187152095025287e-02
2.245657012649197870e-02
1.558888316427084475e-02
2.927219323070823914e-02
1.961239755961347725e-02
2.994024037011816519e-02
5.316771699635505777e-02
6.261934944728289598e-02
4.423460700522015288e-02
-7.219788691654555231e-03
-9.658680853566060931e-03
1.110412775242087258e-01
5.908371005552928018e-02
8.832478126735432422e-04
2.109512473847998532e-02
1.000772307232094815e-01
-5.040327803689098607e-04
2.579828884811947651e-02
9.827931431478428848e-02
7.309137298331530586e-02
5.964155283301276339e-02
6.199265040070681132e-02
2.214715213864355131e-02
-3.558962801808016052e-02
9.978207119979162765e-02
8.614638143371579349e-02
3.742652569484570396e-02
5.724013551689950685e-02
5.906836975335040540e-02
3.092501290187357754e-02
2.509121502107491963e-02
3.941069960449374715e-02
9.237712072915107986e-02
6.162440320646914854e-02
1.008377672613396947e-01
-3.520589147954261700e-02
4.442003875450813849e-02
7.647048769145120550e-02
7.738757038707899660e-02
8.174488483818495577e-02
1.261907393402290911e-01
3.016330685727950517e-02
6.845919356468281591e-02
6.421099660293262679e-02
6.196129940472782510e-02
7.153676658858912352e-02
8.811082794282262820e-02
5.479908925795418800e-02
6.270311955305241103e-02
4.037445900492483974e-02
7.627929257253737716e-02
3.592532496810655479e-02
7.727360893057941271e-02
1.092749431686638878e-01
2.350483850553568635e-02
3.652481322888802978e-02
1.752204280380741108e-02
6.098608623159064435e-02
3.964108957989473381e-02
1.034990864514300779e-01
6.553613707796387966e-02
3.441975188261697793e-02
8.435963551414925321e-02
2.619307623140360725e-02
7.080242047648938053e-02
9.602378587396331877e-02
3.403488526449635621e-02
7.205237866531961910e-02
-4.376782406492207150e-02
7.126040394855172322e-02
9.841886216208961535e-02
-1.733502773361552535e-02
-1.813783079731341730e-02
8.433340558426531686e-02
8.323389170519693292e-02
-5.687654603744508874e-02
7.601029246636448189e-02
6.359477307445685068e-02
9.090172212501410054e-02
1.313689759997657136e-01
4.326834975300204028e-02
1.310502194599269254e-01
7.811193275135944192e-02
3.204221714290846068e-02
2.111164157817527476e-01
7.404566362171423333e-02
7.542528931443422124e-03
5.623264870049102249e-02
1.272910381848770256e-01
4.560296447329026392e-02
9.559132395477409894e-02
1.023332925003378330e-01
1.167897728936884705e-01
1.940009013938784332e-02
1.026743100854952684e-01
5.626881616812293152e-02
6.711787620903469920e-02
1.515858720198362541e-02
9.326793480868955655e-03
3.255319746155199701e-03
1.145809495603825195e-01
7.792754455124337176e-02
-5.878901979546220791e-03
3.466726627209178874e-02
2.447701179168328134e-02
7.962872390499364794e-02
1.713293858939011344e-02
4.017878850046645300e-02
-7.282781763632678249e-03
1.181484224159596447e-02
4.291907459874111375e-02
-6.980511462207766860e-03
5.524508127887065023e-02
4.459667449057546501e-02
8.855710896135723931e-02
6.572301538243173480e-02
1.055522595473679520e-01
3.691417644249252172e-02
2.329924903384869572e-02
9.001361469183957742e-02
9.459829753174814337e-02
-2.225877706127787209e-02
5.724954374766334786e-02
4.305845168144401686e-02
7.473712218363361137e-02
9.106039918043644377e-02
2.942826206951131701e-02
1.356422732977174417e-01
1.010088557623975425e-02
-3.638702491282438944e-03
3.747929775739679281e-02
1.165202409777008341e-01
1.324920151708416927e-01
1.127934740114396317e-01
-1.930266792151669186e-02
3.028986079403220982e-02
1.209593145504757328e-01
7.898758535183783569e-02
-4.231919505724181241e-02
5.223560079218853014e-02
5.606654543288366876e-02
4.548008215480511124e-02
7.597532547189243812e-02
2.271332243594887529e-02
3.930602908727957173e-02
4.771325620186701866e-02
-4.149514402578943773e-02
7.808137892668547131e-02
6.494613443190025426e-02
6.863601793610736579e-02
4.980554528840484829e-02
1.231856399339774782e-01
7.567982042897994366e-02
7.742283175091486946e-02
4.133793921911123326e-02
-3.703640527317456077e-02
1.236550982281740818e-01
4.795198933108144046e-02
6.040194981278827757e-03
1.212138553304464711e-01
4.698908028152183614e-02
1.197851524414490776e-02
6.799563685336031116e-02
4.603088611741322500e-02
1.330208209473570102e-01
8.109772970404188763e-02
1.243233529156629047e-01
-1.090482112035828788e-02
7.298037015500814795e-02
8.536652500319813486e-02
5.575738745535439855e-02
-8.582845527941793118e-04
1.221501210841819396e-01
1.008217187655731373e-01
9.597321006553354017e-02
4.690696983549304255e-02
4.947220947052292928e-03
2.455578063889383295e-02
4.921380834090434420e-02
9.842584509358316691e-02
-2.073264437822856104e-02
8.408143829712896866e-02
1.077364102281990754e-01
3.187616097842167068e-02
7.429730212161339553e-02
5.332207992089615933e-02
1.062747002981324768e-01
9.043110678046011042e-02
9.688974255840024363e-02
1.387815431144864831e-02
-8.696674554669214796e-03
-3.337526409783231340e-02
3.013171485953079765e-02
5.309873889378289441e-02
-5.372926787216014688e-03
6.914485222164262757e-02
1.238183669530176639e-01
5.462139919729076115e-02
6.164129012803204466e-02
8.478106757557334061e-02
5.106426658460100354e-02
2.255135218066335601e-02
1.254716635358042454e-01
7.229974163096510031e-02
5.166660940910684091e-02
7.030860429180543769e-02
4.312840259169294782e-02
3.437313013672115003e-02
6.398041906105440824e-02
7.502028664714455175e-02
3.261777847026033766e-02
2.749555728573600810e-02
5.554252518709250352e-02
5.491993003022888759e-02
7.071304046626092354e-04
1.170570011009650219e-01
8.246744872273480131e-02
3.006989189334499657e-02
3.412573496071987650e-02
1.179132933198819011e-01
7.921397419098283321e-02
9.953022579522098623e-02
4.078029360334707587e-02
1.203008097664812343e-01
6.536301915919828787e-02
7.304121046385712857e-02
9.922022985022482811e-03
8.270501434181419531e-02
1.133181944051991630e-01
6.238933540427844815e-02
-4.590627916840455541e-02
1.365423940582566331e-01
-2.858928677888493419e-02
2.999894600197620595e-02
6.989841770234926643e-02
3.472607819675941482e-02
3.060972423858815405e-02
5.896220205379214263e-02
2.602374601605297183e-02
8.961839729763051987e-02
7.201886411058595894e-02
4.857776506700235003e-02
3.948319573564681301e-02
-3.283389106617744246e-02
1.917229922598894659e-02
3.955090719574243241e-02
-4.443137581314128559e-02
3.609010583097119196e-02
6.917706418251914902e-02
8.494469237230878322e-04
6.034598553359067641e-02
2.923211762978183970e-02
5.824853481946657557e-02
3.409593960996665923e-02
8.250275579032366469e-02
1.418675665494477378e-02
-3.095384862486166844e-02
6.199999008852380422e-02
4.411318272927071404e-02
5.575916045969742108e-03
-3.585187500450975201e-02
6.341073666759353133e-02
4.860930200234004489e-02
1.099819627101635278e-01
4.423136395122213849e-02
8.286344042135042331e-02
2.989070554746774133e-02
2.668454763866857926e-02
8.064209601184026133e-02
9.250178009616213948e-02
1.434926446344390039e-01
6.306299875417950562e-02
3.119312576516162713e-02
3.041468150424340294e-02
3.692125136183495304e-02
9.749122318839291423e-02
4.806827596826014626e-02
3.588338710317406921e-02
1.662991565324456467e-01
3.604106000212706218e-02
7.123360244279913767e-02
2.944071579723508969e-02
7.710929954740347592e-03
3.021210130523409310e-02
1.152800270550138756e-01
4.255572893000495599e-02
5.233286122933183265e-02
4.751693145739045721e-02
9.206250386924169637e-02
6.390746011138281890e-02
7.498444117819536014e-02
9.174734780636542575e-02
7.037957928514443351e-02
4.300184265406610529e-02
-1.659862179550129074e-02
5.243097152206651484e-02
4.717960761016724847e-02
5.493795559010905549e-02
4.510030124231788340e-02
3.163817793545718737e-02
1.140161977529492443e-01
-2.562403257392513456e-02
5.598975923995350157e-02
6.871680521176820600e-02
3.169309411938552035e-02
9.010306236708257033e-02
5.760472795929398593e-02
3.394633526994156325e-02
4.714050733544162403e-02
8.555533227108870487e-02
1.539673458927783012e-02
5.020592744658265716e-02
3.983595352077266838e-02
6.327952820884866214e-02
4.627692689944881005e-02
4.367388750852446017e-02
4.520361833352107284e-02
6.557710759790644911e-03
8.651286242802136428e-02
-4.409000761113820999e-04
8.257618479508289921e-02
5.332626307801324045e-02
7.286373533676337999e-02
6.909200980119897806e-02
8.000252969094659439e-02
8.450531811890582556e-02
7.285248788274310827e-02
4.457859636700035183e-02
6.205366565203533635e-02
2.845918245565712268e-02
-1.807348042885410788e-02
-3.958746626502704369e-02
4.979517567904616360e-02
7.220826043367049862e-02
5.408843560609294387e-02
1.049749730763007705e-01
-2.964156012184538877e-03
6.801314570240236945e-02
1.174383164283733377e-01
7.082820234452819053e-02
5.346246941474770697e-02
5.032204560107210456e-02
5.980204000745582837e-02
1.386803817079426404e-01
-1.638885979774662438e-02
6.292562744503052419e-02
3.084385203237297035e-03
6.252225051808849021e-03
1.283624465188180075e-01
1.029649789322233805e-01
4.671920682025165750e-02
6.285243049071094490e-02
8.514657315230320100e-02
1.769276969962360613e-03
9.329037692962571793e-02
7.380136971144020397e-02
2.215952166871701379e-02
7.658105384392289994e-02
6.633264278992065388e-03
9.686540658793280079e-02
3.933898621762187825e-02
7.774397818164349716e-02
6.945216748797328199e-02
1.714161349404013379e-01
1.000551582184908000e-01
1.249238043626793304e-01
8.097370375909214435e-02
2.041213794126447295e-02
1.993445957372767807e-02
6.743238712783870825e-02
9.070290475447036205e-02
7.513760815997319598e-02
4.635916495764857287e-02
6.062195176328791929e-02
9.743068317928724187e-02
3.953882525587523733e-02
5.795748957138546764e-02
3.779420354898863077e-02
3.474084723729647939e-02
1.130099206455896094e-01
-3.591281937625800946e-02
7.725648299292380006e-02
7.961136039500557593e-02
5.885382489916194532e-02
1.428909663282867254e-02
4.125276853172121089e-02
8.307867714146928428e-02
3.331614863364051882e-02
6.296503407900788662e-02
8.355392260140048766e-02
5.188196897769942889e-02
2.717446036201110610e-02
4.349538826969608779e-02
6.168743833918073627e-02
9.815109342643589529e-03
6.488942332343611286e-02
7.073576821784886837e-02
