-3.157228783001149452e-02
-1.330938435039692377e-02
1.830912165267097047e-02
5.315201228560453850e-02
-3.648704649279663204e-02
1.634746429492124620e-02
5.823860048059292804e-02
4.254913980749594482e-02
3.432030963555933456e-02
-2.821333815549961765e-02
1.170436447509029254e-01
6.663259618051176059e-02
5.290138449729953063e-02
-8.304615379869928482e-04
6.958709436352573940e-02
9.195893352464859505e-02
9.068246860764365980e-02
1.215366872301978929e-02
1.930174193949438233e-02
4.141263129549807576e-02
-7.491395274800694004e-04
4.093579138094141645e-02
-6.253169336395303368e-02
2.756195756608939562e-02
1.007888368413408925e-01
-4.890370359969301028e-02
8.372626324094437078e-02
7.691035805606051545e-02
4.571850709929874135e-02
4.609381060696493559e-02
3.483952998199915663e-02
-1.521701622505336471e-02
1.029184385504679639e-01
3.594925938800866416e-02
6.594839229188247109e-02
9.527840702370030113e-02
1.278190306090989659e-01
4.240737454763249259e-03
5.402953208449734479e-02
-4.625043800933256039e-02
5.177027469795807135e-02
5.494657452236401118e-02
1.472780140586277264e-02
8.368694334828861991e-02
3.965663874917280118e-02
1.686445586056282975e-02
2.134357972248079882e-02
-1.771546856621297739e-02
3.738292484425374818e-02
7.230650132406499231e-02
1.266296359916488368e-02
8.641781206372434188e-04
2.342980936501562472e-02
4.140272566535870002e-02
6.113081475795931197e-02
8.085387897225217169e-02
1.480603573003437534e-02
1.841068052425207102e-02
5.359222844782268735e-02
4.465631910438705443e-02
4.542420566145615596e-02
5.390211502519184905e-02
-1.453996876019386653e-02
4.268861372890095374e-02
5.330860745990596838e-02
4.871428895945870141e-02
4.243557257248767312e-02
-3.054232023756217607e-02
8.618203057552854818e-02
7.341928759026464246e-02
8.677628509450698024e-02
1.577615294455900763e-01
9.871656732880609852e-02
2.444596746076101168e-02
7.183970441410612862e-02
2.957430582022631260e-02
1.354817466893254996e-01
3.806429257507365493e-02
1.398259639340833083e-01
1.048934628765679777e-01
3.706204235236604250e-02
-3.180629770198475925e-02
-2.491476006109219488e-02
4.075035911410267164e-02
5.401956914119127040e-03
2.416291994111993691e-02
7.383308110841349525e-02
5.937334137913316545e-02
-5.788099808904656474e-03
7.561279376330662383e-02
-1.606685250320702418e-02
8.895363501236887294e-02
-3.804685650039599243e-02
6.956622151436221702e-02
8.231206936688059694e-02
6.983887252134290957e-02
5.736037344531275117e-02
-4.501551296557410042e-03
6.618068581753336344e-02
5.371525817691424898e-02
-1.939890956394807464e-02
5.540717573324571710e-02
1.085963279610614451e-01
4.700031393585057254e-02
-4.706966647444744967e-02
6.895871597112801510e-02
2.578486404555721534e-02
1.500416363953081811e-02
4.492671703897767321e-02
-4.531954708602034532e-02
6.021054459814659254e-02
6.020300194165724428e-02
9.730724889529474009e-02
1.088978545664863740e-01
5.172020375864884445e-02
1.448532352799125622e-02
-5.675123811618756897e-02
-8.116183774175889099e-03
8.631251143663941361e-02
-2.264732716205676566e-02
1.515830791560573987e-02
1.539935933913680333e-02
-6.811740656877271483e-03
4.513292954028977344e-02
6.496222493696146572e-02
5.219807256804331191e-02
-1.187028536715623028e-03
4.675902183011357294e-02
2.108297186046946547e-02
8.153863014475901116e-02
3.275606259170983636e-02
3.814984327904684391e-02
-1.072011414577737909e-02
-2.498217122940260548e-02
5.957780513858587645e-02
4.943965156149615625e-02
-3.429675178797830792e-02
3.615278451070971788e-02
4.087057101379421020e-02
6.128291855828935097e-02
5.959054782423661711e-02
-6.101857403497917831e-03
5.027655590827595500e-02
7.307976772214896943e-02
-1.866288361167572907e-02
2.645904190277900692e-02
3.080665409793129084e-02
1.225861086307244996e-02
-2.018084136206910184e-03
1.002051645346231368e-01
2.910225862250848811e-02
3.386147221526761286e-02
4.300288052975789754e-02
-3.297205448344914247e-03
-3.085708471640102868e-02
3.892662422260667610e-02
6.450493715749343326e-02
5.144564335919382669e-02
6.415530312930578516e-02
1.046087691345296000e-02
3.149318313712404227e-02
1.004140284416779189e-01
-4.596315334822598242e-02
4.267088425050816203e-02
5.915930822235981879e-02
4.221955792650036732e-02
4.152605481749953309e-02
9.369931337151074513e-02
3.983282969486082181e-02
6.082027048049148954e-02
9.441799965689881557e-02
6.461302601325946693e-02
8.046763920510996426e-02
-5.954675431374090167e-02
8.605285497840528541e-02
4.791198412542181650e-02
4.547682626394346228e-02
2.451052076260938628e-02
7.586069991786750788e-03
1.032236308392597002e-01
8.252673170899310628e-02
2.968389586836954475e-02
2.917177159615619297e-03
1.261666176327512490e-02
7.174729063220293412e-02
2.450580515083672362e-02
-2.593152205654503106e-02
-8.517534246123753539e-03
-4.136521495831556317e-02
3.759108350496251361e-02
1.559086595020116317e-02
5.543452019484375326e-02
7.969795173249122344e-02
3.912496922126310062e-02
2.952968091924967897e-03
9.839306222922347689e-02
-7.009345577915969405e-02
1.104716808326854649e-01
-1.133805836209261786e-02
7.581029549287207625e-02
7.407020082891899171e-02
5.343105039457135552e-02
3.743662258910707141e-03
8.220728256487669361e-02
6.138768396338140088e-02
5.787428205633372846e-02
-5.258374399524423648e-03
1.892381425011051277e-02
3.238956488397082278e-02
-3.760754280627801038e-02
2.734387067022989171e-02
-1.142083778284566642e-02
7.365836027209060610e-02
8.017887475209437009e-02
-2.959659331636745050e-02
3.978964880188477771e-02
5.186608017681224037e-02
1.394227616203547182e-02
1.020729762954127040e-02
5.315370063521232535e-02
4.302223734338520011e-02
3.442549888877904918e-02
8.637846486096742438e-02
5.710555972332573282e-02
6.724548063080450222e-02
3.858323340960417847e-02
9.917339824406708193e-02
6.152196708956966797e-02
1.340206162216417418e-04
4.386689644173047409e-03
5.312640357032955007e-02
2.956444084740605938e-02
-2.309534362689164011e-02
9.224121187765967067e-02
4.904755347965308876e-02
-1.172937768155535299e-02
8.243842964858369426e-02
7.621132943646496960e-03
1.214301872377651637e-02
-2.078225212514958620e-02
9.710878246014820192e-02
1.219891923219368068e-01
-3.360006559611283805e-02
3.024951182510104974e-02
-7.395492996530222962e-03
5.419666706986256410e-02
-2.045924915629743213e-02
3.197983768340070809e-02
1.077500282172350055e-03
3.481980564982137261e-02
9.958887598877230740e-02
-5.361956067906364920e-02
4.797363393759013217e-02
3.210480593098222202e-02
6.748114997454240926e-02
7.345638833371974374e-02
4.502492080475817282e-02
6.755225514310621293e-02
1.377781730947424954e-02
3.785994844512945157e-02
1.362470780926479386e-02
6.369768252001198339e-02
2.454382436754852514e-02
1.780628758733480976e-02
-1.518867504454826656e-02
4.938764094052024156e-02
1.989923160079509756e-03
1.142102875350692326e-02
7.479756095798777149e-02
3.325426277407783626e-03
3.950240054774287191e-02
-5.103790253886866801e-02
-9.245850315449943846e-04
3.975463697648493056e-03
7.073027446192543810e-02
4.101998818455060425e-02
8.727466962755267565e-03
-1.597651457494020377e-02
-1.443205162414790133e-02
2.885922662097506475e-02
-2.176843425901799078e-02
7.449208482783996332e-02
4.265260695354206044e-02
-5.357659544080822789e-03
2.931846353708902897e-02
3.880066847321574086e-02
2.991801775697547350e-02
9.283289198985419932e-02
2.157657468643697785e-02
3.622899874492852001e-03
3.715254484277653868e-02
1.726996959199672554e-03
-2.412995460930461578e-03
-6.643674072808666842e-02
5.966455773377833671e-02
9.139355722838665708e-03
8.009535548043356101e-02
2.603254627288908996e-02
1.855611680543683972e-02
-4.050859414908863920e-02
1.796723745582787246e-02
2.643592143753625834e-02
7.344115784781102274e-02
3.012090266859884791e-02
1.455673302244087086e-02
6.171125704664320866e-02
4.506627384059838648e-02
9.954078477813241288e-02
1.420797286472391674e-02
-1.204186501319642888e-02
5.517198022733342533e-02
7.603928649244431903e-02
-3.179426288368128461e-02
5.659228633959952071e-02
7.275592308212823489e-02
8.503723372090789268e-02
4.367776262487267636e-02
3.476308153300550208e-04
8.455949235596005309e-02
1.943540543820204691e-03
6.440695411148666949e-02
6.354888444169343176e-03
5.584085787283324387e-02
1.966319668040863999e-02
7.624102360218577845e-02
-8.404955115694418000e-03
4.452326196687184101e-02
9.153356659987590960e-02
1.487500090870361169e-02
4.072088035753956836e-03
2.030230320720809167e-02
5.162429415107326613e-02
3.136956009894471820e-02
2.155951390360230646e-02
-4.496353906033687120e-02
5.169156083710851890e-02
1.141875288491558393e-01
4.101614239344178459e-02
1.352647933348825604e-01
4.827100394767039337e-02
3.658718545970186808e-02
6.590303500713808049e-02
6.722459211885851993e-02
1.875053569412701154e-02
1.044716657756455530e-01
9.911352381862362226e-02
5.402426811315785837e-02
1.498197703755250187e-01
-2.917416823047812302e-02
6.476651882167047680e-02
4.941199919460256829e-02
5.281503203218501641e-02
9.337883523207714254e-02
1.415336671725481166e-02
4.202112457933887546e-02
4.566211762584279632e-02
-2.146012626715793070e-03
2.216297498264324650e-02
6.701362519387638050e-02
9.736227320070144076e-02
3.556264681737814071e-02
2.877739775461732319e-02
6.701491426648048533e-02
-4.280256016485434190e-03
-8.954793406471206474e-03
3.743734454941957668e-02
2.120794834722497524e-02
-6.749131035553301849e-03
1.250684327268176410e-01
1.035825276744467560e-01
7.244118353562543910e-02
7.278331299977403024e-03
4.479716164943303713e-02
7.683394156045786350e-02
-6.532454185102759547e-02
3.715588584104950742e-02
1.754492282018292604e-02
4.956865748315958387e-02
-1.804844157017043704e-02
4.885298510531904670e-03
3.292800248129959528e-02
9.886052463894159925e-02
3.695227810695335402e-02
-3.110593204063226425e-02
-4.746990175490792274e-02
5.511758555858359276e-02
6.607552040813813310e-02
1.607707610101077877e-02
-8.416553803467785588e-04
1.096478670403874256e-01
7.841221231814873849e-02
-1.882978951224167918e-02
-1.805056907783958442e-03
5.091657571548403871e-02
7.758412124988245395e-02
-2.351025380562767053e-02
7.249248315207318383e-02
6.462671071061928951e-02
2.309589544488627189e-02
-3.746299268191427556e-02
4.347708475279361828e-02
1.880499028743225221e-02
5.601801911608350615e-02
2.771677365856206610e-03
5.533911071044747554e-02
4.751894316365780357e-02
-1.167644353717547934e-02
9.922774182755020322e-02
1.910313546884190306e-02
-4.927571744885468619e-02
-2.095624013794281093e-02
2.847704124191102748e-02
3.457698877148161765e-02
4.867923192420076095e-04
4.808500785925041987e-02
1.478431716240909133e-02
3.708526647849230695e-02
7.726641293210492756e-02
1.610362304933591060e-01
5.124625629785882486e-02
2.957024160384633116e-02
-4.277030659689567971e-02
1.037638942747380888e-01
2.724021696680364868e-02
-2.735330693778098565e-03
9.531829488225088132e-02
-2.907269603389384116e-03
4.004447420867036922e-02
1.235003121132126347e-01
4.754245125700354291e-02
4.369506081926488594e-03
-2.952190460673947969e-02
3.771450604742307422e-02
4.645263403579992512e-02
1.103790951652300345e-02
1.662487092388739707e-03
6.665378917437764228e-02
-8.064751824028729144e-03
-8.897832148128309582e-03
1.076889544076458927e-01
-5.977800019791429387e-02
1.616354234659241051e-02
3.039159337673963401e-02
-2.860635808029672600e-02
1.922588607099177949e-02
5.339313240213876266e-02
-1.292208142507073054e-02
3.800956721255278892e-02
-1.908204702510712947e-02
5.771440416666559492e-02
-2.021061496764584020e-02
1.007363155079786660e-01
9.132731260151959185e-02
3.053116332997787841e-02
4.975569772889504305e-02
1.288355749999242628e-02
3.369986820394083038e-02
4.945662373868149608e-02
-3.470902074938712889e-02
-1.131364771141118997e-04
3.947873585857697432e-02
3.079961241283019069e-02
6.323623340479990473e-02
2.877197868937314551e-02
1.103687708048429333e-01
3.739726791696003361e-02
1.718020556242091101e-01
-8.049665921248586042e-02
1.068143733256057687e-01
8.780248786892057289e-02
8.060359153772200802e-02
7.034061321266960043e-02
2.645036003771245037e-02
2.987154751178666690e-04
2.887252672672951936e-02
6.664184059858022091e-02
2.555916516320880238e-03
-4.925658121201668960e-02
1.075284873791608475e-02
1.129850113509862086e-01
2.372879118699675743e-02
7.936180990401132951e-02
2.292502243365857062e-03
-3.803040407822519398e-03
-3.975163304144516130e-02
-2.404592889408128931e-02
-1.962307122297760054e-02
-1.205568600888526354e-02
-9.007288731184004416e-04
4.108872363935670013e-02
7.241225212903409925e-02
1.052942013747162620e-01
4.116182881445043518e-02
3.046018696928859404e-02
5.835869069816398969e-02
4.691567681704185422e-02
7.706478437111623225e-02
-9.724979386383308944e-03
-3.589750525364698852e-03
3.387798105300013352e-02
5.013999689826084682e-02
-1.501583031581577021e-02
-1.149246199473635821e-02
7.683171549464748451e-02
-1.773622408778231796e-02
1.883681636204956322e-01
-1.112753793530659591e-01
2.041769794567661889e-02
-9.430395312877593028e-03
9.839295236780951082e-02
8.001781609523694883e-03
5.624939016006177961e-02
2.868655075830184309e-02
5.392952708386589133e-02
-4.834916256044596850e-02
6.976803258847130706e-02
5.352816700073018130e-02
1.305403853408333703e-02
3.275298247341448810e-02
-3.990459823277170415e-03
4.052694114467067510e-02
-8.933741493808294853e-03
2.306301671434747569e-02
8.269021272412896417e-02
1.834815164024175549e-02
4.430549677966148792e-02
-3.630152690086455025e-02
-3.743627085987656644e-02
1.483873845419914073e-02
1.129182029514841368e-02
-3.495637634069109767e-02
4.550717133990878072e-02
4.840845306038066287e-04
6.993913144881303001e-02
4.371598455521749638e-02
-6.189855668925003940e-02
7.257722970517418992e-02
6.953041052241099029e-02
2.491810761512844308e-02
5.435024956192441303e-02
1.295791145042202164e-01
6.059499020261732705e-03
6.404130121037482359e-02
-2.610319571184677168e-02
-1.638549726010393726e-02
2.828190041599321081e-02
2.440933578056267428e-02
3.651326007159783060e-03
4.785143934123900489e-02
5.927316197321276514e-02
5.639191992707043299e-03
6.674150204042597623e-02
1.019688406754024196e-01
3.847051035007190145e-02
-9.546974427939197705e-03
5.265583626255175564e-02
6.959546397118239469e-02
4.465414236577122664e-02
1.808671210364506954e-02
8.743633184431010008e-02
-6.507798825627880701e-03
-1.442147980614834346e-02
6.065440115717499192e-02
6.752569810162098451e-02
7.348914179251292422e-03
3.717023755228299198e-02
7.223886705221935212e-02
4.325248630618738765e-02
3.639370732911983986e-02
-2.130729087214566775e-03
9.582038523566888122e-02
6.648415235304439008e-02
9.886632139513483464e-02
7.226067604827948743e-02
5.804080953042019264e-02
3.468202738879180846e-02
1.804437598958430478e-02
5.304043859756635282e-03
8.664172111308200697e-02
-4.437975497454726970e-03
-1.641861595192868617e-02
1.338891740211299863e-01
1.164121275223320706e-01
1.159305572655124350e-01
1.032207913685573297e-01
4.099532486658255537e-02
-1.204300333445634807e-02
6.980561178281635692e-03
3.970034223204521595e-03
6.456148873645023434e-02
5.785701231021540825e-02
1.202298425083384165e-01
9.019431822751360073e-02
9.764302007680628059e-02
6.421611156874063031e-02
4.509061241865197633e-02
6.000989904694725707e-02
5.725057140986419824e-02
1.123522595707340255e-01
6.964694673958296556e-02
1.527231811333892852e-02
3.433541916012250450e-03
6.605327381357639638e-02
6.199685174489628914e-02
7.112709310512416172e-03
7.728909596876369636e-02
1.061569324874875320e-01
-2.206110360039467699e-02
2.256636501309725040e-02
8.413857091082152517e-02
2.101067485466165397e-02
3.359570585609349125e-02
3.925637571354928523e-02
7.252946789950212581e-02
-2.314153604661256525e-02
5.867127845803148112e-02
-5.824284210757765812e-02
5.171563672474088769e-02
3.937368090102781604e-02
2.042407879981911201e-02
4.753252377043030302e-02
6.658890062715776270e-02
-2.841251995011484510e-02
1.944075459874022860e-02
3.112988957585112459e-02
4.843320251707430857e-03
-3.739260423643031572e-02
9.066632286902771842e-02
-2.163735585697862396e-02
3.518944257706607681e-02
1.040279787317763688e-01
6.974126110251541166e-02
3.742965970595249492e-02
-1.904102820832279108e-02
1.319457319362327130e-02
7.465021798054440050e-02
8.564018652685177757e-02
5.799996713061264519e-03
1.248094078054348688e-02
1.669006523917090923e-02
6.041051152788158574e-02
-9.842633397733252520e-03
1.143812116295367387e-02
3.066055053935445862e-02
-5.852032886451571936e-02
7.297951883718029054e-02
1.022785921192453096e-01
8.363402367480071709e-02
5.782998465727566539e-02
2.177320667632828832e-02
2.013660232754588275e-02
-1.565284560892563070e-02
-5.159584322909166465e-03
5.060142745208404125e-02
4.113412659985465902e-03
1.169412049037455992e-01
6.582567593110850990e-02
4.648475194547881106e-02
4.450286650198244376e-02
-3.920990905655416525e-02
1.029623241711901116e-01
8.524815016076750518e-02
5.706027563944393588e-03
1.862088968587664872e-02
3.131408178315861490e-02
-6.157136523592264543e-02
5.192991947754521664e-03
2.994306129376678172e-02
4.877539949850004386e-02
2.817381983176101001e-02
4.569816273699571496e-02
1.886085196714457068e-02
5.350445000039436017e-02
2.203115820604858999e-02
7.045987613074083944e-02
5.281210651797860200e-02
-3.251838814612689754e-03
4.823309913971614293e-02
8.145461725863202551e-02
3.222864778547533671e-02
-1.989064449144514746e-02
1.462194411418546447e-02
-2.159772101904665342e-02
3.702574701544983360e-02
1.671610666966152903e-02
4.348995145168429999e-02
-1.612676625212874915e-02
4.210730157570036214e-02
7.901735322584718668e-02
1.006883072544461494e-01
5.155637233967613753e-02
4.323893392170412298e-02
6.520443909426607010e-02
7.031039478320318115e-02
7.315539274612813114e-02
1.217059966515522118e-01
-1.993658871854861458e-02
1.120423895519094687e-01
3.465256061936275445e-02
8.380139300936709223e-02
9.309986744204536147e-02
-5.144992191271563486e-02
8.031529231147793713e-02
1.165248279281064225e-02
8.242165579102656014e-02
4.239415181151534595e-02
1.295997097512044949e-01
1.744452986405634065e-02
-2.052065767794965245e-02
2.833595588052842396e-02
6.941669127969075925e-02
-5.833173966243637709e-03
8.350275514372534902e-03
1.874910230717795334e-02
5.859283612680454834e-03
8.572818393337414133e-02
3.714984339462754082e-02
-4.201055324664751400e-02
2.825004049039954446e-02
-8.684320460706634881e-03
9.607511764892801009e-03
-2.016597980167761373e-02
1.083907006003793916e-02
5.599090116956860486e-02
5.897609362458228199e-03
3.472059238918809299e-02
6.971638458650369907e-03
1.230374226721057812e-01
1.100093863366190250e-01
3.482012394436645453e-02
-2.120393581987060905e-02
-5.523010316026422117e-03
2.997145909864426527e-02
1.130960106028647272e-01
1.464257006062735789e-02
-3.890381724370343963e-02
4.920995517037071720e-02
-1.325142098646034383e-02
-2.252074950767952999e-02
9.845085169184908391e-02
9.951305161840867664e-03
-4.051861466220026131e-02
8.901095363257845172e-02
1.308415664343468010e-02
4.713585415503571130e-02
5.487913822889974036e-02
1.074502815792798271e-01
-1.563643651748639063e-02
8.522658452653239514e-02
4.685752224675443500e-02
-2.952695184049788923e-02
2.370755691555997968e-02
1.051265486090722234e-01
2.009382357605452030e-02
4.702449352566068219e-02
1.930864319607225599e-02
-1.193116797545032415e-02
8.853919315580296989e-02
-5.148871371641369765e-02
1.417844064201256860e-04
4.231336408592414888e-02
3.660380090909876039e-02
4.086994320850423357e-02
4.296056408715519248e-02
2.628920436000788119e-02
6.804405608818328566e-02
5.010412418210274943e-02
9.213165479898312304e-02
6.420325108341379261e-02
8.791842478576894493e-03
3.897627494763400424e-02
3.969778238718413288e-03
2.899751323236748890e-02
3.254588079746587037e-02
5.346838923487390316e-02
6.641994252697000500e-02
1.025912409166137573e-01
2.447848106485953079e-02
5.377775708438804758e-02
6.920721469066153098e-02
-6.080838769814814193e-03
7.393939844675563589e-02
9.304124673401657775e-02
-2.713445423737495532e-02
2.851947066685604770e-02
5.282745287637934106e-02
2.469102578779704127e-02
8.320192687206981463e-02
1.000867659635302220e-01
-5.040753735713314476e-02
4.596664814717561776e-02
4.990375631605092899e-02
8.369018905428654564e-03
7.434148345116822765e-02
6.634336098815860061e-02
7.533484177646518343e-02
4.175057209811483538e-03
5.250254138870291687e-02
3.634231689896783024e-02
4.750355017690731374e-02
1.037828047490145511e-01
9.663551164757200329e-03
3.683287460619211195e-02
2.922748416060999554e-02
-1.902747737708977704e-02
9.021431574454581714e-02
-7.013986467840740979e-02
4.816783836470374391e-02
-2.132839640568953699e-02
5.007099754414207071e-02
6.129046479182970186e-03
-2.170456357894876009e-02
5.032000788010911052e-02
2.991104450549096627e-02
6.911390736813516344e-02
1.241447880674688281e-01
6.064245596085009182e-02
4.146548182081130629e-02
7.720130163935967627e-02
4.097859245015428309e-02
1.733447457628375932e-02
8.595480180780050439e-02
7.828102564700897825e-02
8.839508203114654350e-02
1.134425406827091060e-01
-1.733082917454220606e-02
-1.763443624677496491e-02
1.265904905017264936e-02
2.743356959890888569e-02
-7.906885140524716471e-02
2.151018446045636912e-02
1.516829535638294646e-01
2.859918862173621568e-02
-3.496314099787448115e-02
7.341125168594270223e-02
4.545669463576654246e-02
7.983905454425471726e-02
3.673190203221612937e-03
8.702722382555397318e-02
9.758066292004617670e-02
7.271908110324035168e-03
3.113444786141617016e-02
4.028066173658279014e-03
7.757483196854302043e-02
1.878808842544321678e-03
1.352230944295801096e-01
2.177189774520388310e-03
8.838636020357970580e-02
-3.935181019018377246e-02
4.746211190300919647e-02
1.040753098027580453e-01
-2.068919081133907545e-03
4.438811101940126624e-02
7.674573898580036579e-02
7.606993817829968418e-02
3.533490867932737034e-02
-4.363770401643857211e-02
1.027055620008282683e-01
4.879825097231207942e-02
3.290155073372075245e-02
7.081394660371034822e-02
2.585371964960586633e-02
1.361244992418944588e-02
5.337844788622614356e-02
8.437341726682084930e-02
1.050816792745911388e-01
-1.623316593971699251e-02
7.558637899405641625e-02
7.822780335885745617e-02
6.772109802220260821e-03
1.631356086527528670e-02
4.198648006455640846e-02
1.283965091910017203e-02
4.618254399391201470e-02
2.865569776590513873e-02
5.019274590939942771e-02
1.133567476315970046e-01
5.064825860043367656e-02
3.964788655450382504e-02
6.000855669337769316e-02
8.135211545923268228e-02
2.400399954489869370e-02
9.374005848180738676e-03
5.781951149309245974e-02
2.105873179861286748e-02
5.274711070959127446e-02
5.291804293797811032e-02
-3.838521961446603181e-02
9.025965522867662738e-03
2.700921179291917995e-02
4.353263569515281040e-02
1.678646094597519012e-02
1.045241438582955179e-01
1.470146083352222299e-02
-2.225215209897228597e-02
4.885909847352329360e-02
8.491915186572149277e-03
1.038064725898770052e-01
5.102704960569946768e-02
8.289614538186358683e-02
4.477008637276752578e-02
2.416611864733372861e-02
1.304731359664152435e-01
2.444465775555909604e-02
-5.828573032941897214e-02
8.502075319712851242e-02
6.648586317494498132e-02
2.415114255796005360e-03
4.166145173353347220e-02
9.465842135626828524e-02
9.001150628839524326e-02
9.267956475735363020e-02
1.557176952436484241e-02
-1.821928474747722126e-02
-2.549614473449393626e-02
2.291695372328206304e-03
9.714684876692808446e-02
9.513087535859701682e-02
-5.184321626715142350e-02
2.943613848339855787e-02
4.099044776916510591e-02
1.072799422180436280e-01
4.035533425200665825e-02
3.478167762245206601e-02
-3.521092937012847146e-02
8.020984384808758916e-02
-3.642697853560039611e-02
5.786487297914089112e-03
4.556416696362949881e-02
1.476969967912209192e-01
8.161251419545079155e-02
-5.912322664389925431e-02
1.772628587797209221e-02
8.547930073180158572e-02
6.978413443201987587e-02
3.524778887559773533e-02
-1.238374625288746200e-02
2.697688254104799177e-02
3.069067910631201324e-02
9.868627093668375094e-02
6.570079440245005231e-02
1.009793868397357297e-01
7.986563908060054229e-02
-2.422748497196594575e-02
-2.671538070414453125e-03
-5.947526290755533740e-02
6.642159615444714893e-02
2.634526889689803308e-02
5.996125561618885491e-02
-6.265383414465959533e-02
7.089291233921150848e-02
3.587327024184364110e-02
5.538335315059718378e-02
-1.625703804101845396e-02
5.106297806579475351e-02
2.690251522604480972e-02
2.673151828737978242e-02
2.290815953136654537e-03
5.385968140454772124e-02
-7.764037430815773355e-04
6.230846104313229883e-02
5.074132734813453782e-02
-2.361152329407076311e-02
5.912344790380755222e-02
9.189070152005487935e-02
3.604395440414859264e-02
6.357923731219075614e-02
6.980298276258156687e-02
1.344683268246406327e-02
3.590147253366365865e-02
1.608288059379979484e-02
-2.199270734880076628e-03
3.377593012143298434e-02
1.787287831038006369e-02
6.718216365328678885e-02
4.304057095340393935e-02
1.865388396753209221e-03
4.001376922777638567e-02
2.546903361746022387e-02
5.972104335909167450e-03
7.582410106644209280e-02
7.046233604562640584e-02
6.683670988956061376e-02
-3.029194955767514075e-02
4.176767921605945011e-02
2.978917437197116380e-02
2.127521466285263452e-02
6.451426542291033295e-02
2.166996153185719864e-02
7.814674325000992017e-03
4.765280074945842798e-02
-7.304512599546102158e-02
6.765603529386450543e-02
-1.895103304308090597e-02
1.648577200606954341e-02
5.476428167395250290e-02
1.073338140329496981e-01
2.717417944604916258e-02
1.754400699963196142e-01
6.819365826046708268e-02
3.238815257239277545e-02
1.920491737052329451e-02
5.557801008072074667e-02
7.255557984396809879e-02
2.576626340948301452e-02
-2.411058974787610998e-02
-4.122998607763328494e-02
-7.021652858633375960e-03
-8.318703063847771029e-03
7.053057281060369499e-02
1.687729322186369008e-01
9.125185146051040253e-02
-3.555754934964844294e-02
3.169044139702315022e-02
7.683798204839564772e-02
-6.138775014322112034e-03
1.755374091671510484e-02
4.724799371169574602e-02
3.329604379245974799e-02
7.129477405200089490e-02
1.099667639804846608e-02
1.877084421772448608e-02
6.410179127365232821e-02
-3.823026077712135540e-02
4.668968893560063171e-02
3.938132251403042572e-02
2.792832153372194759e-02
5.594813161852707495e-02
-1.202556794008208252e-02
-2.395842264446723657e-03
1.435746482248879963e-01
7.371445712342390710e-02
6.280905687890975253e-02
-2.882743639985646533e-02
-1.177012424909365529e-02
-8.995041676095694161e-02
7.522413317261417154e-03
1.040478126371027490e-01
5.546519709353077421e-02
7.676692870579189532e-02
1.637893897300202184e-02
1.954818387989723516e-02
7.874604144855386345e-02
-1.886069004203086430e-02
3.331096966407506854e-02
2.653116310503020325e-02
4.910202666545114558e-02
9.639160670498386763e-03
-5.432813725950642880e-02
3.664554078336065834e-02
6.170825509196484204e-02
6.072677626711366072e-02
4.531811814001251992e-03
8.972180283059551231e-02
-6.540951153009635921e-02
6.444895802499656101e-03
3.731534581043928489e-02
1.007287120237560923e-01
-1.007589002788310262e-02
7.498540695779037923e-02
3.439809925088410658e-03
-1.752230457138687081e-02
4.238851380585365036e-02
2.898305689662450391e-02
-6.122224439832919807e-02
3.575500292534708469e-02
1.178836958556920833e-01
-1.415379680555478581e-02
-5.321901175164098219e-02
7.258856164094659724e-02
8.698634298823977595e-02
4.681568590426105070e-02
-5.546216632754230602e-03
2.417632255501286909e-02
1.064226248188121643e-01
7.436964681274002564e-02
3.689895954888500196e-03
-1.331951988061694236e-02
2.391240175796792433e-02
-7.816121790093166766e-03
3.516637212567526316e-02
-1.656900303305960942e-02
-3.033412794543549618e-02
8.497125745088744686e-02
9.207715667615269661e-02
-2.003857041568254949e-02
4.929838490504917514e-02
1.511430792293430581e-02
8.039542480335071239e-02
5.364426799571452020e-02
7.788044799634816218e-02
5.738496020734756842e-02
5.753850249110917248e-02
4.834151505439419905e-02
4.131480167214883481e-02
6.297088930865959999e-02
1.908047614628541333e-02
5.825702010703340261e-02
2.038050255131590438e-02
2.290840504920993448e-02
-8.910396691414648740e-03
3.742205901990713901e-02
6.268130000780409994e-02
-2.918966724630467358e-02
7.106222134922902944e-02
7.561937758385572916e-02
6.069513689426865588e-02
5.101578692297628614e-02
7.586687018006024741e-02
-2.972621320561141811e-03
5.873004869289960572e-03
-8.723305911288919967e-03
2.170692883327163258e-03
1.397024937948623813e-01
1.401178107321734700e-01
2.996989342029757197e-02
3.744430035455798000e-03
1.017403646089339725e-01
-1.360055735268173027e-02
1.170945172029921877e-01
5.932965961310224245e-02
8.811580869819088391e-02
5.945680633913152935e-03
1.076118029607001092e-01
9.217030312990981411e-03
1.645941010776524882e-02
7.834334209174033392e-02
8.381655206601668073e-03
4.965903940579985409e-02
3.589499947163965476e-02
1.558551090110874005e-02
6.179244516371482088e-02
2.934322781071113662e-02
2.256699977148297898e-02
4.000840272822636656e-02
7.799740902888864513e-02
-3.009937744402216286e-02
-2.045481016270786490e-02
9.774024241517485778e-02
2.659408674640281051e-02
2.359120259687802479e-02
9.277975417819897541e-02
3.767113417175185774e-02
-7.547132642356346732e-02
5.423624429129624003e-02
7.636624577104159095e-02
1.798380690249862246e-02
9.135331054935783013e-02
1.069942549403033877e-01
3.487737897257783826e-02
-1.367614857541937790e-02
9.583034603569530463e-02
1.152142569392618082e-01
9.344481589008633848e-02
3.167621705765649720e-03
2.910923836822018607e-02
2.737987791239171464e-02
6.173647909992834026e-02
4.687313901127074245e-02
-3.420403634911972635e-04
-9.956492471192179838e-03
-3.406716984010182969e-02
6.959479876632945761e-02
6.280454732247964245e-02
6.989678752457029187e-02
2.066178204734125945e-02
2.930185900034844304e-02
8.559284589352508799e-02
6.698508304895325893e-02
9.538946247355314934e-02
3.885613506397878059e-02
-1.485279431471211997e-02
3.223154571237701882e-02
1.583698521575324647e-02
2.232595518330776629e-02
1.326107112317879144e-01
1.526849423045123499e-02
-3.663258858744947166e-02
9.565374751382117735e-02
7.762136536930537567e-02
3.390439898086192172e-02
2.242043642582375318e-03
3.642486658661864274e-02
2.988572556145918657e-02
2.526505940582877974e-02
7.804213158607840872e-02
3.357759939610421851e-02
7.544393307283875361e-02
1.130992062264660064e-01
1.510922339533156133e-01
5.685747578787656020e-02
1.399650775774835543e-02
7.061612771317055115e-02
2.240859276095830133e-02
9.269370862345804873e-02
2.887956650905948441e-02
-1.582678911062541938e-02
-7.317346882792091778e-03
8.721220038599956925e-02
4.307928607904459861e-02
3.043289437835961647e-02
-4.382924973073039354e-02
7.958257384044889471e-02
7.540159142354153909e-02
8.508029792724558504e-02
3.511204206512597015e-02
1.293872561926366349e-01
2.275422581934523347e-02
3.366934172585323015e-03
1.110645734337770696e-01
6.592941245350834867e-02
8.726072731679415662e-02
-6.121835625733096364e-05
1.028951308905909356e-01
-1.577868650159963693e-04
4.005289178195689526e-02
2.287656284937339413e-02
4.421769203872508158e-02
2.719384066066132810e-02
5.885771124459301951e-02
5.427256434574029287e-02
1.532677770398263584e-02
6.504370604588841087e-02
1.068964435537777535e-01
8.084279284662235221e-02
9.096562948173014806e-03
1.065356222431532995e-01
8.534248804464845961e-02
6.864820259758097620e-03
-9.480837693706509195e-02
5.594719790295507589e-02
4.113484587790078306e-02
-5.741440672445113913e-03
8.123876945269614680e-03
1.868210623768720713e-02
3.097059919787076288e-02
-1.903375262594547701e-02
3.829502150905592095e-02
-9.600743970771929980e-03
7.187803729173598832e-02
1.522078629441175890e-03
1.054460044538119701e-01
9.859030636514704016e-02
4.812639418884293030e-02
1.152534179317646346e-01
2.595959413850648656e-02
1.558889929997605006e-01
2.429693318021314274e-03
3.925276972679370147e-02
1.740128506631670458e-02
6.881452798291665118e-03
3.689568189266034803e-02
3.678312740783351575e-02
1.394345007963033456e-01
3.165769980243085535e-02
-1.113584469054657022e-03
2.012973842404630620e-02
1.897506065955738286e-02
2.653184954452487976e-02
-1.714969698488544303e-02
7.963251071939103642e-02
-3.484258882202292962e-02
1.109512994219765958e-01
6.278302986425043919e-02
5.544784886763959308e-02
-1.370366189990131212e-02
2.259483237838560976e-02
2.352490888824534943e-02
3.250610634092601647e-02
1.256868452182138829e-01
3.047300484792125896e-02
4.434360050873938086e-02
3.156523326934573825e-02
2.270749297266419497e-02
-5.591423474328503784e-02
-3.651359373528340058e-03
8.550619035639843435e-02
5.091476344416115407e-02
8.027010917376105337e-02
-3.659683740007621533e-03
1.187093090624806724e-01
2.432133869233771284e-02
4.537332599866258920e-02
9.437699546433134246e-02
1.516043679858507243e-02
9.505850129965837114e-02
8.669597146866633852e-02
-2.710069241590054578e-02
-2.093805334925655237e-02
-4.689449156523163575e-02
1.153885583538022258e-01
1.489553324382598964e-02
3.688343555858952794e-03
1.301062815261833094e-02
4.882845156140855347e-02
7.984348499329710358e-02
1.320176059546446234e-02
-4.046833070726230108e-02
1.142228557635283498e-01
6.494890702017924733e-02
1.151863225067691066e-02
7.086725777773733581e-02
-8.828269834183888332e-03
7.383769188137745410e-02
4.537385911014593654e-02
4.315873508306922179e-03
1.047801067076408049e-01
3.077762056627886267e-02
3.049924912942066080e-02
1.524248074054510016e-02
9.429658070295887651e-03
3.227456998002492528e-02
4.367412830638824073e-02
1.000974234696902915e-01
2.000967481453250207e-02
4.736025367336965664e-02
6.662209107553333787e-02
7.313831576512015709e-02
8.407931023478469601e-02
-9.454032194521233556e-03
1.143660874496554847e-02
9.416653093207107139e-02
3.280597679724620019e-02
9.246367329263371904e-03
3.902151523945532330e-02
3.318403112185780435e-02
4.550292297599910218e-02
-4.724713852126583014e-03
7.050807677430849518e-02
-4.187028257840869072e-03
1.527795081012764955e-01
3.394699713525473062e-02
-5.710488802293689492e-03
5.400920773610298764e-02
5.473778673970475239e-02
4.061128936277620671e-02
4.320011940111423421e-02
5.948301382593554343e-02
-4.016054764002852107e-03
7.580547711230438412e-02
2.910240919709122798e-03
2.484344288176845716e-02
-1.635836217536447423e-02
-1.655737272821324046e-02
1.058246386650258802e-01
3.704470366453610497e-02
1.029791137686347779e-01
4.915248398629501470e-04
2.103625253287230712e-02
-1.208774197095521807e-02
-6.287328784700005335e-02
-2.246233879877819473e-02
1.227673579985155694e-04
5.560564605673454230e-02
9.722079677055844860e-02
5.736619678963984781e-02
5.407699712896182898e-02
-3.573073319188241337e-03
4.823117347675787148e-02
3.033130248924265082e-03
4.116081088567757895e-03
9.951277479668758918e-02
2.098525601324188750e-02
1.842040653650928173e-02
-7.684173468461175105e-03
-4.380566429051166444e-02
3.698550343795928286e-02
3.900306450659081492e-02
8.696023741348721248e-02
4.088848133917034888e-02
7.680259497392422086e-02
1.519318216888205231e-01
8.050081759891766775e-02
5.819623382762142971e-02
9.224688187753779522e-03
5.373415626108699050e-02
2.551559873593965688e-02
-3.580290929477367157e-02
4.387111528791674819e-02
6.815168453483623490e-02
4.383337897991074206e-02
3.257039346798612511e-02
9.348315091940803678e-02
9.519800544436966827e-02
8.654819813125701200e-02
5.103649455226916265e-02
-6.259452983783594937e-03
1.022870144347327315e-01
-1.594590469414453038e-02
7.546997645597880444e-02
2.667539649507152943e-02
8.522492380219046093e-02
2.869404136236133884e-02
8.351381516845554631e-02
-1.117881341906883375e-01
-2.038023527410282032e-02
-4.345611174419233835e-02
-1.110539838824850523e-02
1.006448707925822195e-02
9.555673714650476935e-02
7.701256625931740540e-02
9.189547887033168438e-02
1.069218615356831714e-02
-1.958154679624424244e-02
-3.802148555952655773e-02
5.593024873407478892e-02
6.544341964834804459e-03
1.729295915543069273e-02
-8.397429747366474961e-02
8.102848619815673781e-02
1.084430209093374398e-01
5.817353020175942968e-02
9.741933967487614865e-02
-5.816618481035151778e-04
4.874094980832160973e-03
1.052284195521635546e-02
2.558605275849787364e-02
4.385202667239693208e-02
-2.090884109990059914e-03
6.483829366084722934e-02
4.138379759090396459e-02
4.147117939874070403e-02
2.599238959941810312e-03
6.227848031627442049e-02
5.337020835887422432e-02
4.308431822056493776e-02
3.798608950638497628e-02
8.105148350054794393e-02
5.657243163337427605e-02
-3.115796441085225132e-02
7.242221333224649338e-03
-2.359057016848525867e-02
4.495241516970646667e-02
-2.780586999875406251e-03
7.439444535338469999e-02
5.360843908687781822e-03
-5.482946655211706766e-03
9.361373519228544104e-02
6.046413997685648467e-02
-3.385650867462869362e-03
7.943839874900085474e-02
7.232759819440343074e-02
2.702062215763673114e-02
-3.129284443447477582e-02
9.793057043750097446e-02
2.489968951592919089e-02
8.797632689316423060e-03
8.451078946573409301e-02
3.985393299380954324e-02
7.921749378017825527e-02
4.527241308379395535e-02
5.440535327137055455e-02
7.293035921535021004e-02
8.083227815194542198e-02
3.653309236947058225e-02
9.716401653249265302e-02
1.209489292065942523e-01
-2.274174136218497233e-02
4.092497299247424558e-02
8.817487300879611745e-02
6.758015796786093210e-02
8.312402143078169436e-02
7.579983093888145729e-03
1.071269282141425194e-02
-4.911316019165458402e-02
1.281852415005181600e-02
2.447548884351438692e-02
2.828443144751066618e-02
4.692023515103840858e-02
5.935610299493354614e-02
5.420198254825889239e-02
7.801463212263895497e-02
1.589421067527476555e-02
-3.894185847406109180e-02
5.066996227333014913e-02
1.076430543155468267e-02
8.435599976370271313e-03
-6.932170222409456128e-02
8.873068738262762656e-02
1.125289249083072374e-02
1.229736355283531091e-02
6.803902251613963559e-02
4.312396665508368837e-02
1.465500145179515767e-02
6.347809979500024236e-02
8.196806622568261758e-03
-3.020455163856608505e-02
3.272684366187861293e-02
6.660121850113359665e-03
7.495348099907206407e-02
3.611068355571808719e-02
3.019571135572529652e-02
5.340747033106113539e-02
7.296848737684991093e-03
7.652733360527184947e-02
3.216591201919860588e-02
8.493428376377357147e-03
3.901147766306836684e-02
1.004950076277010829e-01
1.121216033487307112e-01
5.704299954163272179e-02
2.232217749163317722e-02
5.550323355624725563e-02
-5.751056986970445872e-02
4.206116296109768671e-02
1.574292377564333600e-01
1.204199807483377627e-02
5.133712525823576345e-02
-3.123667614425906791e-02
3.574523821530821432e-02
9.930871009814484784e-02
3.601297493792270099e-02
5.701393555965153515e-02
8.532870734741661300e-02
4.742072909808867087e-02
-1.459621372098102166e-02
5.497493968294044075e-02
6.843570143548100004e-02
2.603622823538792597e-03
7.398945652161653674e-02
8.400884554812471094e-03
1.536645394184352198e-02
9.628675846529349824e-02
3.770786787425783881e-02
1.357891602112379359e-02
-2.055363853294717158e-03
-5.933015126763939440e-02
5.410646715319905597e-02
1.546916462492631261e-02
3.573637713370171609e-02
4.548660668239767890e-02
6.188031895981543906e-02
6.866860341747799135e-03
-3.065185030332308325e-02
4.312487939797643444e-02
3.354352623328435423e-02
6.313749187809465646e-02
1.742031869137705691e-02
8.400395479759538431e-02
-9.052098004355413341e-03
1.069657282624733446e-01
6.530165258949001406e-02
5.929114075846923793e-02
2.156504029967228064e-02
3.399894868977848539e-02
9.891014901110102564e-02
6.312497562695697229e-02
4.838531931494302607e-02
5.751421501212372611e-02
-3.572538798293600770e-02
6.402047721358425370e-02
7.151228176500890044e-02
1.709882518483057945e-02
7.732213551371196203e-02
4.301129678595057293e-02
4.916061676425102778e-02
8.049718653893028764e-02
2.764280374428879083e-02
4.375269042489693394e-03
3.407911824304865611e-02
2.547633908586574569e-02
1.424517416318860086e-02
5.485890068762135086e-02
7.825852314564826773e-02
1.762491041226403599e-02
6.919099050825663899e-02
-1.912965266019486799e-02
-1.071049409772173444e-02
6.275660936034849202e-03
3.966584101461595457e-02
3.905501587004771291e-02
4.040831169162889536e-02
9.721187801403130546e-03
9.259241620212955992e-02
1.344287327947059352e-02
6.063385228297588081e-02
8.177244529628147074e-02
-1.295925370488669459e-02
5.365952795138295706e-02
2.192853194931382310e-02
1.209411103229414974e-01
2.050754738075521999e-02
5.358517263231449279e-02
2.240575959829815833e-02
5.286740600248554522e-02
-3.225397186919214121e-02
1.036074485460803107e-01
5.953265182069683581e-02
7.621727739530489987e-02
6.225442297319362661e-02
1.833319654718575109e-02
-6.429247575741092735e-03
9.782856092302991136e-03
8.122730055855351128e-02
2.410132579603121994e-02
6.635876038705951219e-02
3.253502466476604349e-02
3.673125462093834726e-02
2.632302380405718290e-02
-2.303766642649687779e-02
9.524929444837924863e-02
-3.702760682059287600e-02
3.471895911719846683e-02
-6.482514976674924601e-02
5.491468183826470062e-02
6.481381564247756799e-02
7.316819607544894355e-02
1.018080966394163955e-01
-1.448388944593029248e-02
3.798473222188911147e-02
3.735888873330127369e-02
-1.895591078204925117e-02
1.604547313934648334e-02
5.811032009151238797e-02
1.083874746914028769e-01
9.221226843690706609e-02
7.418244752749922344e-02
1.941839777943765721e-02
5.245144549964050884e-02
-4.695394216226379813e-02
5.032967742500979447e-02
-2.679336348565042325e-02
3.710407253065530625e-02
1.559440127161240697e-02
5.464798205348425642e-03
1.782381484855041776e-02
1.964255824924404648e-02
-4.984500525795498849e-02
6.284894509758436054e-02
-6.048406016669849450e-02
2.118605079397078983e-02
9.656392603930813445e-02
6.433885044580020529e-02
-5.379504825569161874e-02
-3.468860630516948373e-02
2.727324745786008364e-02
-3.402068685749383425e-02
1.300497570730091423e-02
4.561072631598570015e-02
2.812622931554205341e-02
3.454684161870319459e-02
8.557163127966367633e-02
3.606398270066378531e-02
4.812215254826820998e-02
5.258250209393229568e-02
-3.246676547248353306e-02
7.052971832928806029e-02
5.202674745867272299e-02
1.120781579763814734e-01
5.015228779004843318e-02
-1.172376355394588732e-02
5.715907471173364840e-02
2.650580611118043273e-02
3.162383175145633274e-02
8.365730314394904943e-02
9.065653487598472615e-02
8.486973874053235778e-02
8.719613624932476270e-02
4.682251290863019555e-02
-2.293248643071643667e-02
1.184336107057271104e-02
1.015747072829725761e-02
-2.233714769982386716e-02
3.104798634177274863e-02
4.165988637093276381e-02
-1.885599084774025602e-02
1.160009486381325117e-01
3.412185335704240319e-02
8.218998720863412988e-02
3.301709864885020440e-02
-2.337865622117994702e-02
-7.797130393161655348e-03
2.354640718025831359e-02
9.467476568902989664e-02
1.880129981927966543e-02
9.094376431297576668e-02
-4.766133167889430311e-04
-6.192394443030380113e-03
1.028829739045682284e-01
1.019829907589225176e-01
5.325404623128274229e-02
4.009898734378067320e-02
3.976583775833916756e-03
6.454588004082860431e-02
3.464770359805167954e-02
9.613853409411808604e-02
7.456611433282384072e-03
3.174184943090804789e-02
-6.796826954105578134e-03
3.020737061731199047e-03
1.251973623063035168e-03
2.671287477163988844e-02
-1.119553153938435130e-02
6.911512192206348271e-02
1.116909530526992433e-01
1.891463002858928544e-02
-9.232647912133382095e-02
-1.684284559619692034e-02
8.442590833516894211e-03
1.409246114052450927e-02
3.997680968205967467e-02
4.714029755659744636e-02
4.949122696274892153e-02
1.308297599543759016e-02
8.521022331874521238e-02
4.862850005123228736e-02
7.949204696944441040e-02
6.362020404078937152e-02
-1.725224661338489729e-02
-5.596183248572000890e-03
1.290845939592946690e-02
-3.677018177362476048e-03
1.264489660089654355e-02
1.753493373643988384e-02
-1.580333270024766867e-02
3.236860882452126387e-02
-3.998064637193488036e-02
-2.523237190910271321e-03
7.759396517969521789e-02
5.221768259122430700e-02
7.434837644344249874e-02
-3.066154415685140577e-04
3.991357196858888456e-02
5.512021980150320910e-02
-5.110328804788150103e-02
2.388106826922675729e-02
-3.350498601026502543e-02
1.140670144115511903e-01
8.848633180203441251e-02
6.505834420576539490e-02
6.680937493303561181e-02
8.162905464838587921e-02
4.626990961535654145e-03
1.835350638058608208e-02
3.578635245429284684e-02
-2.569038207797391671e-02
7.903694441307802798e-02
-1.337315699724284102e-04
9.493860823183317144e-02
4.478888561664499945e-02
-2.267342181877972374e-02
6.159945628173052468e-02
1.960400900265743540e-02
-2.977024269712344462e-03
-1.417524362700831042e-03
-1.272569186681152265e-02
1.037293009167208901e-02
6.960480481269185060e-02
2.861623781850465564e-02
4.226022927198026802e-02
5.324474511115902253e-02
4.608611259162118112e-02
6.221759387388806073e-02
-7.873951256931244203e-03
2.005149413757389976e-02
3.478355520999081019e-02
4.091686546521169920e-02
3.942895309710200968e-02
2.918220947679144028e-02
2.311150592205918342e-02
-3.766472561997280533e-02
-8.390086427354101484e-03
5.171370770686500862e-02
4.325558231765713746e-02
-9.711058505378122874e-03
-2.290013540888702348e-03
8.458809137947953527e-02
8.198715537628563366e-02
1.810596372147837974e-02
6.817879906361294651e-02
6.355648590069565285e-02
-8.026976459745008285e-02
-1.938201013301552034e-02
1.979061421089131634e-02
5.654061784891162290e-02
7.248054327896959192e-02
9.305478637747902071e-02
-9.766454712120481441e-03
2.526153795560907855e-02
-1.099726525679550759e-03
8.385046153081467113e-02
7.406330773118213751e-02
1.159187031701081061e-02
3.610747415232101742e-02
9.476509107130118292e-02
7.837786430297165319e-02
9.245586964029517407e-02
-4.029371648385798865e-02
-2.402950513158609580e-02
5.747494466931847568e-02
-6.882771360535247518e-02
5.702660687652141847e-02
-7.484499475917116840e-03
8.846570598014635856e-03
3.186769009240637829e-02
4.566787662299527650e-02
8.061434905680348040e-02
-1.984668152179563938e-02
4.459069260277997993e-02
4.575183091537196600e-02
9.944876851545925156e-02
1.158008289073065578e-01
6.936333608883925306e-02
-2.110011006336159900e-02
2.456627361602121973e-02
3.467072439308510612e-02
9.545029481886266320e-02
5.720275558661476467e-02
3.715151975420943886e-02
5.239535618626237068e-02
1.770790274782529927e-02
2.168951264690061054e-02
6.776695931935894368e-02
-1.692771006202967166e-02
1.029081701478153643e-01
1.108789397291339018e-01
-6.095682840081467768e-03
1.715693466067563788e-03
7.649714578178733182e-02
1.156885569348137105e-01
-1.337040522506822982e-02
8.929350160716781337e-02
-4.223240517782400616e-02
-2.367677737424139783e-02
-4.521114765274518443e-02
-5.128084583650063810e-03
9.054990751263390647e-02
-8.503410739287731168e-03
4.978328670377216159e-03
9.485420493130058972e-02
4.613328976902279777e-02
2.333474161165013938e-02
4.274800115692173330e-02
1.667660687377869877e-02
1.073183829413626444e-01
-6.629316919039467126e-02
2.492210107963820087e-02
9.557691801085399508e-02
5.571822462191709791e-02
6.863892266778877371e-02
5.307424295688561999e-02
6.574861040464062556e-02
6.242225772086662516e-03
4.911278533698915094e-02
-6.091390774247418261e-05
7.937368533780114754e-02
4.530649617942034135e-02
3.226858859813942770e-02
-1.294507573325054395e-04
-2.537367777451782214e-02
2.139410397593563551e-02
4.992760973250937040e-03
-1.205536219736813575e-02
1.202093978433038668e-02
2.870040889850057619e-02
4.958932955653862218e-02
3.479790595380047313e-02
2.282679760724387608e-02
1.003358007724887424e-02
4.424850143363676103e-03
4.598990262400232121e-02
8.111645781056581184e-03
4.932325426754424758e-04
4.318685276688440100e-02
-1.789257307404368280e-04
6.118871891903483740e-02
1.015101179714325563e-02
-1.480462905269966378e-02
4.406046522570228330e-02
4.861966700361031180e-02
-3.470857897239026935e-03
6.541608972001314304e-02
4.739975082974008658e-02
1.996628917893450428e-02
4.397345638816796409e-02
2.074140532841291240e-02
1.139692631037658721e-02
2.801166585643485862e-02
1.185695967146700169e-01
-4.877176812807471062e-02
-3.489344835738081296e-03
1.051140901518094473e-01
6.644875939724868841e-02
6.012989990210049207e-02
8.108462764525914412e-02
1.185976998875395982e-02
4.463116745182515999e-03
1.004427567551055833e-01
4.448790287124684828e-02
5.176927222547390850e-02
6.354406820223282293e-02
1.079799219354574680e-01
6.436028740008822857e-02
2.310518094963980029e-02
5.562280357449268797e-02
1.491351405490293214e-02
7.148234263974469205e-02
5.412335360387926508e-02
-1.589092837022326732e-03
8.154007506576643749e-02
8.729425235176498099e-02
1.039245248323658055e-01
4.291313673804479645e-02
3.163975746296128488e-02
6.072939227297383114e-02
2.755974273599776092e-02
6.315869502702503580e-02
6.151035052756342880e-02
3.157497778367562846e-02
4.621088969224609877e-02
-3.850939025268426685e-02
4.206132317975452839e-02
3.754848438190092064e-02
6.279669922971430063e-02
1.817588092480963702e-02
-8.478022027214704437e-03
6.999834440394486768e-02
6.083722912309892650e-02
4.851652920470470032e-02
-4.243914766727197030e-03
-6.203549624251972205e-02
4.989857798219460294e-02
-5.774895414286058959e-02
6.778072830587969499e-02
1.030106993174001867e-01
4.067145296543848987e-02
-1.858946649325647626e-02
-9.210850553182964306e-03
7.701327236182395342e-02
5.753259449480749299e-02
1.424601008248814749e-01
-1.355189563078844361e-02
7.711890700116351416e-02
-8.473857129243117514e-03
-5.205125019590570168e-03
7.567980548726739587e-02
6.961021258967434178e-02
8.718766987760590004e-02
-1.683801107239146777e-03
4.887961930763248808e-02
5.639327454716763777e-03
1.776741420168014007e-02
2.112791631775387535e-02
4.582858583108812001e-02
1.207023899981879422e-02
3.160606187894798857e-02
-2.530230730057209110e-02
-9.813059575411800517e-03
3.694887634211112271e-02
-2.970374349895962829e-02
1.136090748997974215e-01
4.300547014765032650e-02
5.385180531252425906e-02
-4.001007433972464389e-02
5.450011463873156992e-02
4.811105359266830417e-02
5.902342337258678628e-02
7.454596496995094523e-02
2.202640833388730401e-02
8.502455806950937056e-02
5.671014507636601421e-03
6.267726779207062615e-02
-1.945618682167582492e-03
3.498604123680369715e-02
3.121254558036840043e-02
4.905794857853555679e-02
3.844639302737520858e-02
3.050129437481344241e-02
4.036182842615948507e-04
1.164717563359086855e-01
6.728653038219055416e-02
-5.357294538699014508e-02
-3.912501414756103246e-02
3.732267673267358754e-02
1.002367529110322064e-02
4.380618947839039212e-02
1.062047417054071963e-01
7.164581733397278052e-02
3.367763894181595441e-02
1.377177305929963569e-01
7.872875564305552298e-02
1.279315536518295382e-02
-1.586817212863014803e-02
8.226204597505232252e-02
1.718454139213877740e-02
1.775049751190993508e-02
-5.216458271406487768e-03
-3.040459388733060542e-02
2.438122790025284981e-02
4.420212147768778910e-02
6.465999906517042040e-02
1.100450340059810767e-01
1.110327751427478138e-01
3.761315210305758716e-02
6.418338171290199901e-03
7.120356226155005741e-03
-4.911189093315951326e-02
2.692795296641775638e-02
4.052931090619578403e-02
5.391400922519767880e-02
