7.396434277686185152e-03
-4.300995940033405796e-02
4.078738586004615474e-02
3.483503020656960464e-02
2.945533324439487260e-02
1.231076263554000683e-01
8.639103549574457530e-02
1.718658200704606398e-02
5.636228089351377757e-02
1.176155836730204129e-01
7.072000864833216660e-02
4.574510096676270843e-02
7.779009380157420050e-02
1.924537764624226904e-02
1.003034181208368458e-01
2.792587985702101039e-02
7.645873582929567369e-02
9.647354703692416489e-02
7.280659659689747709e-02
7.024660254111396440e-02
6.714141083140634514e-02
8.040468966214425750e-02
1.485991784382784814e-02
1.167401828194497213e-02
3.735422125714010777e-02
9.734329172542882658e-02
4.338266340495346846e-02
1.287092169446180101e-01
5.087508179480509929e-02
9.035085501343334546e-02
4.327982063328394274e-02
7.219990834981611372e-02
4.301618734809743022e-02
7.248692974793508048e-02
5.032482200115011295e-02
1.035629967167741028e-01
9.466191024208525651e-02
2.696133175101158783e-02
1.010270383259582738e-01
3.783095708707237548e-02
4.352939780616079529e-02
6.267649562232349703e-02
8.079074093454421956e-02
8.113533984453794035e-02
4.225891508414170161e-02
9.705456919904444091e-02
9.165689635678429814e-02
5.137592228085750834e-02
7.561862332674937348e-02
9.935697856828976104e-02
6.861579078409590915e-02
5.702354740186392490e-02
5.094497880677845841e-02
5.148213304205212504e-02
3.965478358204659048e-02
3.480872397577649408e-02
5.798845937070365442e-02
1.003616884513578236e-02
8.483742166209215507e-03
1.163579522525667181e-02
9.998877855841481477e-02
7.322197293304481824e-02
3.815391702236811677e-02
7.537539924783989709e-02
6.010487700502298303e-02
8.641794727440542390e-02
9.331036186236180141e-03
2.365825248108970047e-02
4.111160928553171667e-02
3.674439993849037966e-02
5.548011307369379863e-02
1.259015170919780546e-01
5.209019293557148877e-02
7.407604274560941615e-02
4.202823643659011482e-02
9.727514331801433156e-02
1.367194591388893044e-01
1.022109727501453735e-01
7.646470184370018908e-02
3.685182612074434927e-03
1.228646413965188283e-01
4.965311919860231071e-02
6.601070968560066032e-02
8.130856988346217562e-02
7.217827704128838839e-02
6.811387010901835681e-02
7.370319210029323276e-02
4.994715423601752552e-02
6.532758845656178037e-02
9.867752665015072644e-02
6.523361040161684832e-02
1.144420046150824155e-01
3.966806621271301569e-02
5.782393901289547417e-02
8.808519308928283720e-02
8.627464126354968121e-02
1.647447333468200770e-01
9.186969060673391696e-02
2.491389595969444037e-02
3.074200632283440038e-02
5.931343361571494999e-02
8.776829314441005059e-02
7.378202072387943233e-03
6.591740059602257951e-02
3.170695123564852558e-02
1.189374413415487663e-01
3.703644476189425078e-02
3.299223050072157964e-02
5.260491258924659269e-02
1.090672750068042568e-01
1.089393141290841832e-02
8.413977813328152311e-02
3.559814268593519682e-02
-6.080085987895750277e-03
9.258613977692368990e-02
1.062900733636361755e-01
5.985769568418949915e-02
8.994692838272999591e-02
4.480266135640169345e-02
3.607537298574207962e-02
2.086105358918082658e-02
2.472583425986819503e-02
2.548812324993924433e-02
9.741856388168799313e-03
7.609702787844528638e-02
6.661831494606983151e-02
6.900307123498150563e-02
5.222092503864472074e-02
9.364539327610719999e-02
1.410509101773823465e-02
6.713268089009338802e-02
3.068748401234066767e-02
7.958565484197552276e-02
5.004577948274268467e-02
1.206443667781838536e-01
6.152728194736748618e-02
4.488127930814293787e-02
7.037633368162712899e-02
5.782790145225240319e-02
2.975082034806800224e-03
3.593081671612674555e-02
7.297587284936185581e-02
5.659028044812056818e-02
5.635943976326433791e-02
1.323339858569345939e-02
3.763261088430653462e-02
3.966598449996350945e-02
3.837516733660861074e-02
7.249802396048980746e-02
8.199747471899360152e-02
1.990429745620445057e-02
1.214662619765280102e-02
7.052817314446320485e-02
8.525139244818080719e-02
6.738031956771238506e-02
6.936049358122858832e-02
7.712622143456591972e-02
5.391257179667818811e-02
9.438273096271906915e-02
6.282999132613042992e-02
5.869650945566836503e-02
4.744233729555144552e-02
5.019847619961620433e-02
1.123455240459823867e-02
5.926419711418621367e-02
1.868990617505581764e-01
5.450233251898931042e-02
4.633769382055724639e-02
8.847593628770870910e-02
6.780362153365589173e-03
1.157784707353505665e-01
1.438403019838669639e-01
1.482249224446638980e-01
3.815193455539477724e-02
6.255869171341978119e-02
2.464442299170951922e-02
1.168833923563211419e-01
7.483866123934006243e-02
6.210607207144327319e-02
9.219245836514164405e-03
6.381991113997186049e-02
2.535718423111189140e-02
1.677756279277448082e-02
9.579730623675850043e-02
8.091070014748667771e-02
6.786335698592867172e-02
6.728050198943354154e-02
3.864675989594647254e-02
7.838240088625415825e-02
7.844657657231199344e-02
-1.374587160181127074e-03
9.134417781530518310e-02
1.571603983884491962e-01
7.693835216520174269e-02
4.107487440318935423e-02
6.018743654829813300e-02
7.808535121358681219e-02
1.483611817072370831e-01
4.858354837228279904e-02
6.950162651629974986e-02
7.237265202319154156e-02
5.758018558879551135e-02
5.852667793663177132e-02
5.925248206039020193e-02
-1.072630914305032490e-03
8.874901124595917234e-02
5.758303965346958653e-02
9.140330039494244663e-02
4.951725584340221920e-02
1.185735449746497527e-01
-5.074917477181542513e-03
8.164213794396599222e-02
3.877816482181489083e-02
5.699585380250613703e-02
6.874839984134661908e-02
5.012228995661435760e-02
7.224902853296419347e-02
6.833302138991605157e-02
9.590798229284294707e-02
1.374560795099731558e-02
3.499548192708615280e-02
2.700389657582638603e-02
9.324266384258081408e-02
-5.013386209144488070e-04
4.302307001138122589e-02
7.034205977748647642e-02
9.736302800537721680e-02
6.091206089549500158e-02
3.120957328237699419e-02
1.222499117137917229e-01
9.356707185804949423e-02
3.709486925473409052e-02
4.336326967596598053e-02
3.258971440391593422e-02
7.273320676273747898e-02
4.216038825179187904e-02
3.696189810168501455e-02
4.437895421129350176e-02
1.007104298655012303e-01
3.939613702180072563e-03
7.164873807934896144e-02
1.205795821626715614e-01
7.560857765991417512e-02
4.862800455219025431e-02
2.349269943725347184e-02
5.260415107352640895e-02
1.818026038146034612e-02
1.442261084488029310e-02
8.743191695458490953e-02
6.256102065388530198e-02
1.507547185691645968e-02
9.519537774023080490e-02
1.557772746909098505e-01
9.421438844942121860e-02
5.704380758750864089e-02
5.379731116115835793e-02
8.068090543187518560e-02
1.003736388582028155e-01
4.428957537636420833e-02
3.599480192698267106e-02
9.280553775913052972e-03
4.736075334051766117e-02
5.767042383496433222e-02
-7.781195917508365589e-05
2.080969682564317788e-02
9.322582929675507502e-02
8.459045954755362029e-02
8.929020171547992490e-02
3.332190854308662853e-02
8.233587606076515908e-02
8.810375289606306448e-02
3.812408654652463258e-02
7.867303697683272756e-02
7.815122473224841992e-02
8.255860562479393205e-02
8.803854228703375528e-02
1.683076542642424761e-02
9.205088712542860985e-02
5.141377748538772385e-02
6.317917981621869877e-03
1.548691913601253634e-02
1.596018998470955796e-01
7.535486772814455059e-02
7.536063516771998594e-02
5.917710702238208886e-02
5.819982589463715272e-02
7.472221722036916092e-02
6.037351319754220846e-02
8.499919100304942354e-02
7.355688518755255922e-02
4.247823317643154711e-02
8.395882659906497847e-02
1.380969696982431716e-01
6.419843353623147508e-02
2.037851729964004766e-02
1.111869358261895063e-01
8.041449701001909811e-02
5.936667170382488312e-02
6.246880773901027084e-02
8.256112737728030226e-02
6.040038596170606983e-02
7.330619965856065290e-02
7.093331215865691930e-02
3.308733859306321051e-02
5.954898870199450134e-02
-1.530877276358033959e-02
7.875786015306043830e-02
6.897929529948247651e-02
7.983081290321951407e-02
3.299860438319292960e-02
1.251237872170095355e-01
3.278902277102307972e-02
6.379147413988517368e-02
6.527687574109283797e-02
3.131897070905981240e-02
4.259963573370355999e-02
2.537151847897647222e-02
1.260858076115207310e-02
7.622624677149425487e-02
1.267329909250243247e-01
5.707587544611854302e-02
6.748233891643677651e-02
5.433823440949746286e-02
7.689557490667003892e-02
6.080468883048247009e-02
2.964729032800268727e-02
5.241514321388624636e-02
8.659141733693480336e-02
1.318871463898654006e-01
3.430269368698911359e-02
7.425914760889974764e-02
7.218007477755400414e-02
9.536310817475275592e-02
4.992583027903177428e-02
1.240389014830485109e-01
5.863567017778441304e-02
2.520937677664362997e-02
8.145345445206240986e-02
-5.716488181305455496e-03
7.402907385420404163e-02
5.794961123896746891e-02
6.561031707691428183e-02
8.919526778622323404e-02
5.650029669086294171e-02
2.326035856295132279e-02
7.053044760386195655e-02
7.182816325785515432e-02
7.928097933654321139e-02
2.055508937476007575e-02
1.044608921765239340e-01
1.011097048630089923e-01
4.055849446750603438e-02
7.014368246156878206e-02
9.195846606213031738e-02
7.281780365935019983e-04
6.767734906339620271e-02
7.787128277504802923e-03
1.168800785912508661e-01
7.385767465382182817e-02
6.340381698940955602e-02
4.346609386932831498e-02
9.015506405194097239e-02
9.750879732921971521e-02
9.007410754258499130e-02
1.046416025064583893e-01
1.111054508774744765e-01
8.171386121214081755e-02
4.553180256503744361e-02
1.130568667359262286e-01
6.739261688339312495e-02
6.152230137998809800e-02
5.793565713149709251e-02
8.240789789012539779e-02
2.715445857042342315e-02
1.293484029555061476e-02
5.651630389765089496e-02
1.189473768465066500e-02
1.082345110224849222e-01
3.623404432298574229e-02
9.117219603893553237e-02
9.342896009713114180e-02
5.870307669341160578e-02
1.409300186741374028e-01
7.052767755831354513e-02
5.279180879661711512e-02
4.034911439058612437e-02
7.731991949149399912e-02
4.896793958827149601e-02
1.002750456662105799e-01
1.241726678914727156e-01
7.734338025452788812e-02
8.924638462871539724e-02
6.625180959444994244e-02
1.659159466452209686e-01
7.508766809483012616e-02
7.633093692587500367e-02
3.189307411197912084e-02
1.046194391704873827e-01
-2.380984159099125419e-03
9.310757808326820817e-02
1.128873848883237135e-01
8.393705098734083325e-02
1.244904473703092873e-01
5.113919641834938079e-02
7.631115530989070195e-02
2.114975216507220326e-02
5.220744769958376996e-02
1.373959413045795080e-02
7.397259496642916154e-02
5.199950126845913345e-02
4.384852493792963657e-02
9.104647579781111055e-02
7.816751438976124455e-02
9.269516950903933239e-02
1.170778225497677572e-01
9.354380740180354148e-02
1.068395968478584174e-01
9.181035981778631894e-02
7.973355570677301274e-02
7.153163039432303139e-02
3.339485752379512534e-02
9.075727730389934744e-02
7.471947328889441686e-02
7.078080012954592048e-02
8.888739734652420510e-02
1.054145449147012026e-01
6.270760580194327527e-02
1.884173253231318651e-02
3.898447004204053101e-02
8.050116766211568020e-02
8.454996222311703113e-02
1.705438470488682481e-02
6.770867807129152260e-02
6.901372475253994554e-02
6.058870148896764590e-02
4.255094661984531318e-02
4.010738170740087150e-02
7.453488715101237727e-02
1.054313484920532257e-01
5.316297592814350076e-02
8.655202497488953539e-02
2.836840574410214033e-02
1.110506185563091969e-01
7.667698762506358623e-02
1.267752965837865009e-02
1.216699569934871633e-01
1.039226240029807319e-01
1.022266590979522688e-01
4.497764249028029376e-02
4.737860095825432299e-02
7.545275582235352885e-02
1.081799776228358212e-01
-1.202594302946599636e-03
1.095342060725308236e-01
4.224684065811657591e-02
6.456236184558372670e-03
7.075037176425746921e-02
9.224218173689630040e-02
4.732002997922674092e-02
1.082176427638319310e-01
3.717599885102051971e-02
8.709477272773052947e-02
5.517483833553235573e-02
3.532064072773220126e-02
1.778125927623480651e-02
8.235129550235492646e-02
1.013094654895665692e-01
1.379287441077660034e-02
8.591176787633243717e-02
-1.766275467138959943e-02
4.352194580884403974e-02
8.308559726797452860e-02
6.037339679666479247e-02
1.081560607914631988e-01
6.564637762721586833e-02
1.724556642547649815e-02
8.091627584080329783e-02
7.170997435002196552e-02
1.017251582568017287e-01
5.348588365412112328e-02
7.338141359017767706e-02
8.987286021410251236e-02
1.071263771964528488e-01
6.944930629732733174e-02
6.345990436227248732e-02
4.045676033939894084e-02
5.444863976766237124e-02
7.955135095835827452e-02
7.511245388756354613e-02
3.220413799522252318e-02
2.656246307251373603e-02
1.200371281674366131e-01
7.986858406870023241e-03
9.923777664935436171e-02
4.790341718269560539e-02
9.496708581972101992e-02
9.446519337080359902e-02
1.093497094020101645e-01
7.995854495355420033e-02
6.103461583689032133e-02
1.020205678120945231e-01
3.477698729355509222e-02
4.280587050459098986e-02
4.359399514265681341e-02
3.972969163097542916e-02
1.103730983140124855e-01
2.614750260241327506e-02
9.054834804126424275e-02
7.042474091880207565e-02
5.071601592223064225e-02
8.373550971917426144e-02
7.186317396157466952e-02
4.046371127473773893e-02
9.432126706840036900e-02
7.301900314822845628e-02
9.347385420343154450e-02
7.524449161320545532e-02
5.974914308865773849e-02
6.932404566131687706e-02
1.188997123776491527e-01
4.455296241560700865e-02
2.012785304621151836e-02
6.594752702707920577e-02
1.164864750593690573e-01
9.486424638948316723e-02
5.881428103736038859e-02
1.966845947450569787e-02
5.219066395764689059e-02
4.157727348468960582e-02
5.691672679061295093e-02
1.288162611512440325e-02
1.290373914176258796e-01
1.085161484611082555e-01
6.759060640184344493e-02
8.788100891483625887e-02
9.155609715697467232e-02
4.403359772856197535e-02
1.024037766092800728e-01
2.584190571297963201e-02
8.516071657550063068e-03
7.839215168955210311e-02
6.730845892500353367e-02
2.782386545378765993e-02
1.157191551986597733e-01
2.051747562990934373e-02
1.063908888931524299e-01
7.562025473989111846e-02
4.064623850601291333e-02
5.955360894541067429e-02
7.943705330975019130e-02
7.381300475760517454e-02
3.196025067427674116e-02
7.358660402788799737e-02
7.085056043007800786e-02
5.936632264472975484e-02
1.079921354700118380e-01
1.052102902662346434e-01
6.130368986593104363e-02
5.209895635584939344e-02
5.987408305626588934e-02
4.034142600736127793e-02
5.442618715481992858e-02
1.060154620000321457e-01
6.704002966677537201e-02
8.206449150560073125e-02
6.203214098858354786e-02
2.981384925251900561e-02
1.629877835890154725e-02
2.756250379935663852e-02
8.428466465106927707e-03
7.796161688523337019e-02
1.457855373929142773e-01
4.179166105690582111e-02
7.306349371015473382e-02
7.313641280762520069e-02
1.745395974418537111e-02
8.395399368520271161e-03
8.833707076111421697e-02
1.027712806613751834e-01
4.342919617732417248e-02
1.525858139365252400e-02
2.455514798826668316e-02
6.373387056031794284e-02
1.435367054652524760e-02
5.870931282383987093e-02
8.574412919794241472e-02
9.256566040017530361e-02
2.595166382341818068e-02
6.310658849606777532e-02
4.927247886108024333e-02
4.295347438933407036e-02
1.009220704039379551e-01
8.658014307933521725e-02
7.649103251875576104e-02
8.650914417525301658e-02
5.048611529433701811e-02
8.897650525412161004e-02
8.210646571983098996e-02
9.402290697830872901e-02
1.009727084511140432e-01
6.954142896266152230e-02
4.688158107763976817e-02
5.014194269199373499e-02
1.035941281543420328e-01
6.044742698198504044e-02
4.887546107911203142e-02
6.609270037789298502e-02
4.393810259742685076e-02
1.023189949611486849e-01
9.730721876068047782e-02
1.539142626276375214e-01
1.361580289834264657e-01
1.789578920266960901e-02
2.339995090994945182e-02
1.060147091399119695e-02
9.212329574645868047e-02
9.624055934725404132e-03
3.499130426124524157e-02
7.248037142755700546e-02
8.162793321896653909e-02
6.932406037066682347e-02
7.111227261619425255e-03
1.053370679290600020e-01
-3.106978284626762954e-03
1.288473109561675753e-02
2.092596023410028816e-02
6.247586364289567373e-02
1.006122122004462771e-01
1.453003845996662935e-02
9.078784414726009944e-02
9.725255584131578535e-03
1.924765794766536420e-02
1.082831431183234328e-01
4.721974899947600779e-02
2.704772954007046704e-02
6.532806244328687173e-02
4.934303356591217271e-02
-6.221394615724074040e-03
6.186013456127920779e-02
5.027608049398844814e-02
2.825969175433117042e-03
7.333529062535094900e-02
7.642167486286133293e-02
7.906820488407664826e-02
6.124101376629582233e-02
4.532842734532963047e-02
7.411183425626563515e-02
6.550826511551965936e-02
4.931588841347254309e-02
5.426547280081155805e-02
1.073866091702492115e-01
4.163496620683966587e-02
7.202067313986956765e-02
7.805747002112808919e-02
6.759937361139108092e-02
1.263356384320410974e-01
6.348825973337962614e-02
1.205436632363787730e-01
1.058502836284216375e-01
7.383255598233903760e-02
7.304565431084039662e-02
1.020358652245200448e-01
7.396269253418054357e-02
1.263703290553246372e-01
6.112059147563062012e-02
2.530950853561031444e-03
5.340323109582491290e-02
9.336951861525108476e-02
8.407626657612574106e-02
5.219911308664162974e-02
8.646936215641953805e-02
3.900746192993292949e-02
5.074983323444551969e-02
6.100562164027639733e-02
9.417796842807105162e-02
1.131886548611819310e-01
5.877145422143392056e-02
6.024208215876149936e-02
3.771673020896498113e-02
3.653914060228656557e-02
9.938883628949561622e-02
3.443536213530165591e-02
3.372612067340444858e-02
4.020208891706761323e-02
1.241279955039922417e-01
1.066809665302404231e-01
6.807157807101195390e-02
7.255783675263183241e-02
4.846897806236652277e-03
1.243814038684941670e-01
3.801424975591770339e-02
3.180273678559873696e-02
1.098619775218932365e-01
8.359202226210696307e-02
1.393684185739887949e-02
1.066098324436377531e-01
3.450917546297055383e-02
1.453621631701056821e-02
1.187452794768151243e-02
1.294540565838032120e-01
2.339877667033693487e-02
2.317495774594167252e-02
1.155334651667842688e-01
5.573294662548956141e-02
3.640320746219762038e-02
6.369448463160475027e-02
5.285490289546403847e-02
1.197008539735563981e-01
1.167316910058901203e-01
3.263678000795132428e-02
3.814551742521969657e-02
1.596081524732487211e-02
8.398911182357639282e-02
5.791582468153776142e-02
3.696818154650640537e-02
3.155042248626534207e-02
7.504884118025131889e-02
8.198827291335247791e-02
-4.822318159134891813e-03
1.369871370783698472e-01
1.373442394834579472e-01
6.183685438866687312e-02
1.232787727224602947e-01
7.490719756197100621e-02
-7.286228075276207639e-03
6.942722988009919494e-02
4.745209710491332666e-03
4.163174529639313698e-02
7.245601782664211343e-02
5.704328513897044539e-02
5.637857998281459171e-02
4.448556844566819990e-02
7.474618885306889837e-02
6.734065412261421024e-02
1.006224624027427378e-01
7.133058758624838402e-02
8.743799914088842828e-02
8.150238169353329898e-02
7.323462508605849131e-02
2.800836331432270121e-02
-3.873389469402492569e-02
-1.533593877466921628e-02
3.419591483553052758e-02
3.951351078299075725e-02
6.132831898574385432e-02
1.176875683708862169e-01
2.358938974977282943e-02
8.916516129449970907e-02
6.596778947667225612e-02
6.472587748125323281e-02
6.750426090829006465e-02
3.763536482798594124e-02
1.195416468023883655e-01
3.123188956560886409e-02
8.831165548388032749e-02
8.160460238011532641e-02
4.658384922922978455e-02
7.550514077581983730e-02
8.050249813185803016e-02
6.769809080308307470e-02
6.565800307713609563e-02
2.283231893716549180e-02
7.377145706886170662e-02
6.103149908340127494e-02
2.364195778697412292e-02
1.204410496769706823e-01
1.076669510708068433e-03
-3.317971519671633618e-02
5.206509461236321495e-02
5.194091804812624169e-02
2.956915513944134016e-02
8.999931005525771410e-02
8.168679903721833002e-02
8.979339000383798619e-02
8.356365963549326759e-02
8.253157012046843932e-02
9.862905774137269155e-02
4.967335235538450355e-02
1.033319883410663553e-01
1.433551658256356776e-01
8.027246609461918814e-02
8.526610678106140429e-02
4.062281704844698804e-02
4.019392966611574219e-02
9.080701732439069862e-02
7.345197303446701631e-02
7.075374239871422277e-02
2.664491440614435991e-02
9.400509107625421024e-02
5.557895897932446649e-02
6.098240034963189893e-02
2.472068712100485011e-02
8.929805823418174304e-02
8.691642796474430277e-02
1.136282379954878241e-01
-9.122190087269707592e-03
1.332995578360993139e-02
1.439492755519292816e-02
1.171849602201643359e-01
2.404596476878909095e-02
8.256141031837882505e-02
7.743870386027169872e-02
1.096553488435073054e-01
1.164579579975255907e-01
7.285306449338893597e-02
9.968039147108209708e-02
6.820840423839667765e-02
1.193587610881346323e-01
6.439922841351072846e-02
9.531802344024110918e-02
6.841596273317078480e-02
3.102365907279362733e-02
8.286752698061618239e-02
6.128003290536787606e-02
2.574692435411419372e-02
8.695759695416349633e-02
6.119652785664214667e-02
4.376904229012822112e-02
7.297289988762545310e-02
8.624641750602442258e-02
2.681793826392274427e-02
7.003255130541982676e-02
2.910119989594334849e-02
2.710541313591495471e-02
3.963473146974674788e-02
5.638487029512281173e-02
7.418248730078785824e-02
9.297068769177455061e-02
-1.598342119444613740e-02
7.151805163593613623e-02
6.137569419066805920e-02
6.176612054477959024e-02
3.343071816636315752e-02
5.502577297652255089e-02
1.365604210900603077e-01
5.185654797911215530e-02
7.372694974804930301e-04
3.885535793383100567e-02
2.578779721322090046e-02
5.635817938645305142e-02
9.302465938111634247e-02
1.763333101312656304e-01
5.135433214356555087e-02
1.059285622450538977e-01
7.188351353662676690e-02
2.019323218387369945e-02
9.006538004478424619e-02
6.071997761729518162e-02
6.742051163527917890e-02
1.231386692238261790e-02
4.400518505591358154e-02
1.270203374914502803e-01
-7.900623261649898643e-03
6.653082700136941918e-02
4.790679272829562879e-02
6.308846142614950303e-02
4.656607204651178056e-02
3.235948972497469656e-02
1.442173502391066453e-01
1.248753509753437879e-01
4.492045130463763469e-02
-1.629622713360510261e-02
1.191053412825768820e-01
1.447630771324623367e-02
6.150271893374965188e-02
7.565947544540568837e-02
4.757561311783822799e-02
8.940052227224569437e-02
5.539599712805198806e-02
3.873853224624869418e-02
7.955406318949942435e-02
1.045097346616463557e-01
8.674784430271087476e-02
1.230225831023564614e-02
7.878340948558161527e-02
-6.595075205791875450e-03
-4.876999519760098073e-02
6.012816017916546019e-02
3.998273038395359913e-02
9.024702384320648640e-02
6.847335584840688605e-02
5.801281334801219880e-04
6.021491195286499815e-02
8.761401766961164628e-02
3.715151646151620968e-02
6.177733715258226788e-02
1.591472326948692451e-01
6.828620795584383618e-02
6.654301722251866613e-02
6.392200707876732890e-02
5.288809861956701025e-02
4.939658929065382509e-02
8.433774171563873656e-02
1.641390582379139221e-02
8.192863769982440536e-02
5.452315290390760683e-02
1.256257262346113512e-01
1.317989685562644953e-01
1.642303825734325873e-02
8.243477200157552087e-02
8.509373622955991590e-02
9.181883917048291877e-02
5.037238578190065402e-02
8.203240691018723330e-02
3.300421873129376349e-02
8.128775253123854405e-02
1.935441414791545106e-02
3.731933532870433667e-02
-1.190530423056071485e-03
5.130444070059923117e-02
7.936281269064338062e-02
1.268280951313099369e-01
6.904120455639917164e-02
5.634213303175866772e-02
7.684218148857745179e-02
5.999692036426794439e-02
9.697413235213217519e-02
3.441760758355540128e-02
4.781898000162469742e-02
3.352702562993246926e-02
5.545305611463795248e-02
3.725350585284106786e-02
6.843358983197400658e-02
7.393844525969760217e-02
2.520197677342091158e-02
1.056234032930440103e-01
7.791169325233650300e-02
7.660327588560747469e-02
3.547093846766441461e-02
9.279982586349878881e-02
6.152190959470335563e-02
7.057980669785991756e-02
4.272019565034142208e-02
4.134039724175320174e-02
5.529524977260294460e-02
1.604537664854903400e-01
1.229430245618666484e-02
5.572980706006069179e-02
4.966193846599660511e-02
9.578087616746459865e-02
1.647200284662713593e-02
-5.978610327584128747e-03
7.496622683292974987e-02
6.930701699232000301e-02
1.053027296296713683e-01
6.584470193184299713e-02
9.747618510790639901e-02
7.105981277797729367e-02
1.474389830741993923e-01
1.001474831192369214e-01
-1.565039977171286262e-02
9.319205820288890829e-02
7.738304564498563187e-02
9.627325307645484553e-02
8.853501773936739427e-02
1.121240175713670018e-01
5.809164140697874179e-02
8.761411330347913806e-02
2.141377119927789785e-03
7.019591636010386049e-02
6.073203891006607319e-02
5.936624689203649774e-02
1.028263415382799362e-01
8.065228692506246078e-02
7.486849081236218728e-02
1.300462108426979346e-02
7.726819034406354203e-02
8.066661827259652418e-02
3.309912247296695198e-02
3.874755467647579554e-02
2.213821562565847570e-03
3.932707987520468740e-02
3.205968248662306730e-02
6.570606725849527374e-02
3.237350756947519892e-02
7.609762885022913759e-02
3.650987498974037071e-02
3.823313536296572834e-02
3.682291840600036836e-02
7.062348889419998998e-02
-5.494262421624589166e-04
7.943130125462945224e-03
6.048524924568685068e-02
5.103635662682368818e-02
8.437545000337114132e-02
2.565571942656752133e-02
4.516711775153268993e-02
9.357485552074336355e-02
9.894614382359669114e-02
5.350734923423565437e-02
9.911201096231192498e-02
5.796960827539932026e-02
1.027778666927310763e-01
-5.473062154956801623e-03
9.638464152754054604e-02
1.092830738380198147e-01
6.150045234382633952e-02
6.696142081886496955e-02
8.255578239396690887e-02
1.003288438678807959e-01
8.753504853757859694e-02
1.014414866306578428e-01
4.920610409457189249e-02
9.125377067923534646e-02
3.227336300975855443e-02
-2.193756905743919280e-02
1.400630584390950839e-01
4.755450936949714297e-02
9.699217284197678146e-02
1.268480456534396006e-02
9.634188064458540368e-02
3.048302698464940008e-02
2.940679904434100045e-02
9.113708629049829812e-02
5.496442215032951856e-02
6.455010937742600152e-02
2.746677242677213887e-02
6.905538752097667432e-02
1.422136163512189022e-01
8.917031577617588745e-02
7.792911538107930025e-02
3.898142514932412261e-02
1.779236085452517990e-02
8.189148282023364644e-02
9.574561051316161919e-02
1.376294924416994470e-01
7.855415560090853178e-03
9.352066185890704764e-02
4.912058892573016589e-02
4.659636377105048216e-02
7.094160132177257383e-02
4.019343561982531565e-02
8.009894217572559316e-02
-1.863524383147902724e-02
1.111082793728761370e-01
6.433290487805538860e-02
1.824615748338518501e-02
3.581226572599185975e-02
7.448621217000160610e-02
1.207209501433124943e-02
6.211315357336991833e-02
5.140108932100537209e-02
8.516793855900012256e-02
5.997354695952596126e-02
7.031888949131626099e-02
6.057222930244280518e-02
5.649521380316605695e-02
5.219966058669193998e-02
1.967643899135508578e-02
1.063118007986780245e-01
-4.731251260945576465e-03
8.726546368870000125e-02
9.490937291206137660e-02
6.455625486447091887e-02
3.943081267540569923e-02
8.000952005577387227e-02
8.105519310615089124e-02
1.010731920153208757e-01
4.656865261136856893e-02
9.764060077681281646e-02
1.044446307685979597e-01
3.751167060024239441e-02
2.657667108980767134e-02
1.063774410671998599e-01
4.279496481585317452e-02
1.601894786165276169e-02
3.603368456016846355e-02
2.772011315183221802e-02
4.263161838567654238e-02
8.640007057840859428e-02
7.504839203925588176e-02
9.308411194840654490e-02
1.971006850119208509e-02
4.598621900160243525e-02
1.192641626692873130e-01
7.836866298542993770e-02
4.844438798108404581e-02
5.729957467102811397e-02
9.707352604759095227e-02
5.840230101101306220e-02
2.075008655765570725e-02
8.614774746512854353e-02
-1.703941528012764550e-02
2.293110314532936095e-02
1.086685329441779702e-01
7.846267030913828266e-02
9.282337066351689647e-02
6.497654452507692358e-02
2.556766869489194086e-02
1.038428160422127239e-01
9.697026365515382107e-02
4.817363821058284756e-02
-1.109407632321479653e-03
3.909213572975558937e-02
1.276751940891829029e-01
2.765553893309292965e-02
6.694412089922627263e-02
1.104418997420197196e-01
4.861984963428638007e-02
4.035218507327436449e-02
5.229953236379744630e-03
7.292853178820210558e-02
2.012944895079994342e-02
9.948983883357923053e-03
1.426492157676788330e-02
9.557706612830861592e-03
2.091482543080947290e-02
5.726244609036281602e-02
1.067565646315824096e-01
4.945946339364901134e-02
1.592448710653940856e-03
7.221572958107347340e-02
7.122057429662513595e-02
7.347479814831593681e-02
5.474381562288528624e-02
-1.457444171804454097e-02
9.649920399370900959e-02
9.883385725511881215e-02
-3.708046635742534569e-04
4.864865416250728491e-02
1.462312576947605303e-01
9.754189489926337608e-02
7.439019278438449567e-02
1.026045494292016913e-01
4.885287301557579565e-02
1.326006448607461030e-01
1.063045079326016273e-01
5.599990835238845277e-02
9.108390329183545242e-02
2.275478493880235889e-02
8.209573857605717562e-02
1.129745568551276946e-01
4.339134724647377567e-02
1.180528950891017587e-01
3.274938008190134836e-02
2.200428328810062617e-02
1.878847660072791720e-02
6.459539505014896821e-02
8.699231797240128405e-02
3.314520821453328936e-02
1.057860033417451773e-01
4.573865897794407442e-02
4.471032523369751488e-02
1.045007741023879083e-01
5.357763548747047910e-02
1.350898968128597111e-02
7.250581849530965406e-03
4.960609256510845055e-02
1.154361046428471899e-01
2.095018771678032465e-02
7.345248155227167286e-02
1.222969961500536829e-01
5.218861166396010498e-02
7.712506522179357615e-02
1.337051216118908537e-01
-5.510972898759347594e-03
3.609070395448071150e-02
2.564711865865118567e-02
9.418947275224472115e-03
7.896386949750180961e-02
1.282256327361797621e-01
2.606631746929503890e-02
1.233210017508831330e-01
2.470058858927587364e-02
-4.504128208230886998e-03
5.131126701074607138e-02
7.361042723397112630e-02
9.658446179699776979e-02
9.983121132853275959e-02
2.107577289833342804e-02
7.979201342790598339e-02
1.865737433009448734e-02
3.107535082781068964e-02
8.482504066645042695e-02
8.608991139314425833e-02
7.417012904836230158e-02
3.101484160324620085e-02
7.458998483179102301e-02
7.397688530150882402e-02
5.619884990434505234e-02
1.049968882470964093e-01
1.060317772952993065e-01
7.239903087518601010e-02
5.926730615296572913e-02
2.712566529088522929e-02
8.360619110153535982e-02
3.297481538156365327e-02
1.932823372901707609e-02
9.263462164618022077e-02
6.024682165471738349e-02
6.779867980931400528e-02
5.157734717504663946e-02
3.052949678131550507e-02
9.946922445393252543e-02
6.012906541961828000e-02
3.465568028966274639e-02
3.751162025858512800e-02
8.498925035203064304e-02
8.989188770527395400e-02
9.453215703283904259e-02
5.959455573496790642e-02
4.446260564790073533e-02
7.771095680067466316e-02
1.266287669540976935e-01
5.250574631564962347e-02
7.332991738081626187e-02
6.669121912376438366e-02
1.070124656369245975e-01
4.519112636706851954e-02
8.670101815357497688e-02
1.826153268087367387e-02
4.103474686077970141e-02
2.112719839603537098e-02
3.803413754805997499e-02
1.024782536902076602e-01
8.866768341519136454e-03
9.200480943994350513e-02
8.065557627247543770e-02
7.163410382382726094e-02
8.094250452965068288e-02
7.306702687872754232e-02
9.132788820475877534e-03
8.506272530546948873e-02
1.278405188553027871e-01
3.324765898579497281e-02
7.540321243389731809e-02
5.024756903411514014e-02
5.261232935332540994e-02
8.229246233333178950e-02
7.416618182208258026e-02
1.022923514865929362e-01
6.118759811142253369e-02
-2.663646090378429115e-03
9.103262568753203721e-02
-3.349912905948898567e-02
5.433535048291421310e-02
1.067158630246031609e-01
1.443684766265538044e-01
8.812619524409097405e-02
3.520158760906843404e-02
9.386170154235838614e-02
8.436352103859878770e-02
1.449727262765085900e-01
2.447587892862877756e-02
3.440495560337623188e-02
1.018512094015058267e-01
4.256477297393425341e-02
1.152328445641139926e-01
1.768293826362468679e-02
1.369474354653868187e-01
3.909999541435478509e-02
7.736087091901837354e-02
6.752894469455304749e-02
1.009471705981388051e-01
1.274295458697431438e-01
2.513769069461702088e-02
8.408027936966991356e-02
3.389187911948531723e-02
3.655843942175160399e-02
6.240991747668114820e-02
-1.140035426237429039e-02
4.871314921247937857e-02
7.965775328913186903e-02
3.948108123068911485e-02
4.309586107292193158e-02
3.844058972333758151e-02
3.710278942650926948e-02
-8.677868768418237067e-04
6.461577924182479449e-02
6.385217723980343707e-02
8.240358324863318595e-02
8.186657635870693561e-02
7.723182448224814867e-02
8.970469812361367423e-02
3.281244080033281219e-02
3.182908116397442644e-02
8.337443423455340175e-02
1.231758353634544861e-01
9.793624730105493503e-02
1.448987587347836115e-01
6.576120646955904703e-02
2.094429264113661232e-02
2.649845955340669745e-02
9.025462148529030115e-02
9.306138345933726019e-02
4.870647283949547379e-02
2.855071871861181165e-03
1.464529390166333100e-02
-7.993414374831905866e-03
6.698864212956442965e-02
3.170601714498962054e-02
3.162909322378799210e-02
1.219975354349449592e-01
3.232537136226870667e-02
4.768561645047771774e-02
4.144069792817670073e-02
5.140832907789909256e-02
1.772851721013316700e-02
5.987058921137052014e-02
8.083771998413857851e-02
5.196159927177050608e-02
1.965299123664104169e-02
5.351543723159667143e-02
3.916911777500856756e-02
2.906637705723231352e-02
7.752805631838340095e-02
3.452843297527409538e-03
2.618635157225319282e-02
5.769570903907331183e-02
5.313766570201849948e-02
9.665559535390406964e-02
8.232269091917390758e-03
6.307418833539990555e-02
7.476866497572592918e-02
6.043958213891477416e-02
9.055698689806626622e-02
4.557296183036745052e-02
6.041756077464101315e-02
9.177543702699025863e-02
1.168974870040874470e-01
5.237169051925337493e-02
7.742097139958009633e-02
4.385589458564161103e-02
8.388404244600977666e-02
7.583830807656298523e-02
6.210263953629601569e-02
8.557016715181500754e-02
4.330736504589909053e-02
6.571432095718145183e-02
6.622453282274801123e-02
4.556244921703860029e-02
8.865691269172962241e-02
6.394926176744854251e-02
8.380704127126803460e-02
5.945968412796351354e-02
8.255808554557564349e-02
6.248208586474771759e-02
1.035706379047651171e-01
5.993369458760456486e-02
4.410233437736606199e-02
2.528353144618779996e-02
9.871764310719004232e-02
1.040548047135483323e-01
-3.243591817226644525e-04
5.230780094308913608e-02
4.696333374809591454e-02
6.853186036341563092e-02
1.503606200047552799e-01
2.405534971287418000e-02
7.886262678451042007e-02
8.592441601480931002e-02
9.052813826387136331e-02
2.764173976542493028e-02
8.025163920007753748e-02
4.742515585549706564e-02
6.750093409971122393e-02
6.326633473849940792e-02
8.478290925229334252e-02
3.834500442468266601e-02
2.565675338735709521e-02
6.470324959391562936e-02
6.433952610552304274e-02
4.045606211162987298e-02
9.270427185538697434e-02
2.986176276505269830e-02
5.223279602802867461e-02
1.117873837507626922e-01
4.950661191681958451e-02
1.789532165518889495e-02
8.483548102337434837e-02
5.212070052431197476e-02
3.322384120887839076e-03
6.008672350330693246e-02
1.169489930620727647e-01
7.103815272273407422e-02
7.325557274783467410e-02
8.701178311720916825e-02
1.183254741898591943e-02
9.401017420732712959e-02
8.968754911865503554e-02
6.147255776867144306e-02
6.768868877241325521e-02
6.801728056748136686e-02
2.537826434531685604e-02
3.937851006183320374e-02
4.262173499263124249e-02
2.751509992763212509e-02
2.538598463828683344e-02
1.866106466681449055e-02
1.044070910565977894e-01
1.013272123436115973e-01
1.016369293996325085e-01
1.603078199657662420e-02
4.255574645207932383e-02
6.078354484686353254e-02
6.513710064432476354e-02
8.000581846654854223e-02
9.500887808184350913e-02
6.956108356364468226e-02
8.704735299668286963e-02
9.119567024036964731e-02
9.631280884140051846e-02
-1.962331856164158117e-03
9.851979108269542929e-02
8.053014283331449974e-02
1.263341550181760198e-01
4.259749640830341744e-02
9.586875939454160556e-02
3.610647667140667177e-02
7.796666864221785120e-02
7.295104394091346534e-02
3.839669077388984525e-02
3.155534563209125287e-02
1.402370679726907543e-01
2.767695303485689928e-02
2.737549500601918484e-02
9.899791458101013519e-02
7.631765744314504551e-02
4.063489885474984992e-02
6.215597192368348470e-03
9.180075662409457882e-02
1.106986403183833068e-01
1.170329207394475990e-01
3.803631076532201782e-02
8.184135264979477964e-03
5.493149368850282904e-02
9.031780704150633998e-02
3.199398662046172570e-02
3.298321080392643823e-02
6.749021739875932235e-03
1.021107456792265389e-01
3.860747163650280617e-02
8.426114865793346564e-02
1.073731947814147575e-01
6.172916954301541081e-02
6.163633313696683519e-02
1.054637321253862198e-01
5.344778011889494973e-02
3.057471506180982346e-02
-1.911570666925184458e-02
1.339279323703611996e-02
1.231490751366908498e-01
7.830212479418871552e-02
-3.804970919540688612e-02
8.453857235983348872e-02
8.987517056164555374e-02
-5.025097420898812228e-02
3.788815961988879766e-02
6.419447627087737640e-02
5.425359801576046248e-02
7.022367865514728136e-02
8.586262362915696167e-02
6.575608379271132009e-02
3.786927910955304594e-02
3.608969109394105645e-02
5.284837896309978189e-03
1.042837272064852938e-01
6.052651961977782713e-02
8.906252117106494559e-02
7.597069462225455871e-02
1.321098897300010122e-01
5.852338191557346359e-02
8.892653022856598921e-02
8.604635362753849936e-02
3.520104466979843971e-02
6.182955012769975750e-02
7.230348128364606775e-02
8.960435725694516906e-02
4.944322193493162071e-02
1.346358493233112408e-01
7.956059997845571496e-02
7.663322490203616777e-02
4.349002888567325698e-02
2.073413262050061157e-02
1.145834935365047935e-01
4.395489682255469821e-02
6.507453266357041133e-02
1.127791810303768322e-01
9.722698039124383351e-02
3.323424634386079601e-02
1.824083596376660510e-02
9.613160384481833631e-02
5.302305468462256699e-02
3.962953083352433598e-02
7.031583432541685386e-02
7.714653707714441699e-02
1.153907237837676486e-02
-2.083482407468845859e-02
5.038144001661087196e-02
7.175083472137118445e-02
4.814719030486167006e-02
1.735044713398371796e-01
1.875947289171672749e-02
1.234741901774119438e-01
9.947956776904981480e-02
9.943486288609351686e-02
6.450021955717105682e-02
1.591458846914956260e-01
1.032328213480892681e-01
6.661414916546044840e-02
1.638592594321239271e-03
1.016137719314093857e-01
5.504893012886252768e-02
4.035122889558532405e-02
1.523501743532204578e-03
9.974296404406107763e-02
9.770264030098785302e-02
8.160451517336979321e-02
8.994301966053580566e-02
2.399463045624593283e-02
1.133099446557144369e-01
1.056913847289863220e-02
1.169640650376152502e-01
6.141942434008396123e-02
2.658768768060070647e-02
7.033602269420624609e-02
9.895682791105531173e-02
4.072109426636821156e-02
6.354297591361335318e-02
7.584659353550435301e-02
4.638534905689948445e-02
9.491800527106381002e-02
3.988009749513566488e-02
6.994106990150250613e-02
1.161465245529141044e-01
7.241012327098654555e-02
4.421986944566461131e-02
1.272115655175655169e-01
6.120771908927849503e-02
7.093643093512548570e-02
1.064018552062277190e-01
1.745636049788792665e-01
7.399421015365699461e-02
4.617477448983146188e-02
4.371583870262814309e-02
5.149649824229114020e-02
-8.745587693649102545e-03
3.118152268763808854e-03
9.326785469728286759e-02
1.046845848768264003e-01
1.012457462943339159e-01
4.076649522624119920e-02
7.895261805891583273e-02
7.234693407168835133e-02
7.156969660880008188e-02
3.172624063145701445e-02
1.305272518290706008e-01
1.063078040224691018e-01
5.285327871719525117e-02
3.974872065105949925e-02
1.259137902051683522e-01
7.140939925370197450e-02
4.502824447655969647e-02
-3.464248240546266566e-02
4.343308247730988392e-02
1.024624502616755251e-01
8.997276903869397269e-02
6.139974104023458723e-02
6.883493699798651222e-02
2.209460863225773397e-02
3.587660950669976923e-02
1.761093699159142767e-02
7.820743108018342327e-02
1.961247596818253836e-02
5.654077111193060029e-02
1.039333409014965015e-01
6.032098595349821846e-02
7.204631534069178000e-02
8.545039962959638524e-02
6.757157476340158730e-02
-2.145948286310418729e-02
1.191873716727062660e-01
6.008882886644856258e-02
6.021872972040733657e-02
1.165407615154588211e-01
1.279096751218152528e-01
1.409605967550787986e-01
6.269528255785236648e-02
1.242565575907275816e-01
9.004899349695069666e-02
1.010208447030807033e-01
7.269201942758179991e-02
9.608279159395347047e-02
7.443596492207245341e-02
1.232556757479854742e-01
9.392585908095515967e-02
1.356103642155445932e-01
7.884027508376310889e-02
7.159939589154094841e-02
9.188548044689058558e-02
9.023939682683687624e-02
3.200173856342354572e-02
5.182800888503657361e-02
4.518235264252951772e-02
5.287783545295526855e-02
6.614011748947003222e-02
9.885300917846880087e-02
6.171565664424263215e-02
7.978072003062233741e-02
5.880711419327538936e-02
9.711479045920835829e-02
6.253275202259112042e-02
9.895674183201964846e-02
1.012758370709490596e-02
2.512486626121951394e-02
6.108672580407741720e-02
4.547646891020197535e-02
6.862021346863353410e-02
9.885629392013306482e-02
6.582386680102654541e-02
7.857074597137150840e-02
6.750270052024137657e-02
2.651567857368731379e-02
8.577787071431886012e-02
4.924514759285751608e-02
8.370442381280684963e-02
6.196607116463651727e-02
5.993695829915919593e-02
6.732828044612507168e-02
7.909223024049903683e-02
2.993751630108789155e-02
6.393068245271441019e-02
7.378635469965962035e-02
1.016731842414663051e-01
7.801947770074352251e-02
2.863463907493190783e-02
4.750157515487515164e-02
9.141503397289217625e-02
9.198521478666028817e-02
1.237893146573467579e-02
2.563597795550354164e-02
7.252565462997025147e-02
6.655653602769553978e-02
9.204953538582748285e-02
-1.352175178903269881e-02
7.276100529478705947e-02
7.172017211783290880e-02
5.576298575548063741e-02
5.111468348108322290e-02
1.660036754200071851e-01
4.156912146641761341e-02
9.768952487088290726e-02
3.973945556916106542e-02
4.132334820048431945e-02
6.502903561804077026e-02
1.072677562536677592e-01
6.912437359747533594e-02
8.393622692655883233e-02
1.116997421433082865e-01
7.529587454375935573e-02
1.313290546436257922e-01
7.393933807906918898e-02
6.290529470107532328e-02
3.246207147710756385e-02
5.638952306282785099e-02
2.926106111975190771e-03
1.317515491935209240e-02
7.298906760414081152e-02
7.992590407182974255e-02
6.549452866231526837e-02
5.547607668130997982e-02
1.343678753791923697e-01
1.125874576296908430e-01
7.742832185082926255e-02
8.760427795696412723e-02
9.356260031331550819e-02
2.865513344731041370e-02
1.053382454242181576e-01
7.990338524460953440e-02
4.017517512712083516e-02
4.223864384079402401e-02
1.176227647203828414e-01
1.254325988182648788e-01
5.661428712016466219e-02
1.128557102682461039e-01
7.772196137435465058e-02
6.223514160757067509e-02
5.986117388243462206e-02
6.285269989100977783e-02
5.647601121795860907e-02
9.996009019898594028e-02
8.730524413490202418e-02
1.218899458865916330e-01
2.190411051195137460e-02
9.039913960778613033e-03
5.746369375192211110e-02
1.672688221704351358e-03
2.758247820742253456e-02
4.875645860567338896e-02
1.066664465799246064e-01
3.570878479186360976e-02
1.115045577162598334e-01
2.458960368948876624e-02
7.506059007414754569e-02
2.892352158762075132e-02
1.207829492044836667e-01
7.774317378981827897e-02
4.205581177496180850e-02
7.227342683397276757e-02
6.658987199705966586e-02
7.221965771603996997e-02
7.158771261294412380e-02
1.073788416948984192e-01
5.556305433348751599e-02
3.956687288393163915e-02
1.429435036367475431e-02
1.071084324358635709e-01
4.014563529856812751e-02
7.586610308895101740e-02
1.161130979340876668e-01
1.544440247076402650e-01
1.448502947065519741e-01
3.264451828606777795e-02
4.889383498213371176e-02
8.814001729529385987e-02
7.753127887752092606e-02
6.731491261125747971e-02
1.529876398544215699e-01
1.482018028433014847e-02
1.145837221340522266e-01
2.931894425979885560e-02
9.359316755449192948e-02
4.207342038690652791e-02
3.591163153386509044e-02
5.608576614739111538e-02
6.031075014285647989e-02
7.542028599309613668e-02
1.686699268489503037e-02
7.218720923306387593e-02
4.697025427459283059e-02
2.429174557038301513e-02
2.824420959142410342e-02
7.403006017003398165e-02
5.405693162425716930e-02
4.096666182783075677e-02
7.386828369783338122e-02
6.100416568672058920e-02
1.038380200222261407e-01
4.798386544050500802e-02
9.001115906636585062e-02
-1.158930808804488084e-03
4.011016674661903314e-02
9.282944629860638563e-02
5.751118606040870468e-02
6.783151448707061548e-02
7.253563349287049655e-02
1.394047033401972502e-02
3.852409694150357028e-02
7.858731602267207683e-02
7.868151815381169145e-02
1.601740922416333007e-02
1.199901589060309026e-01
4.530584055665437537e-02
7.951883194886869011e-02
8.104616041625742340e-02
1.409319000834300672e-01
1.234644338942480074e-01
7.826617888467071738e-02
1.085266951687302861e-01
6.338605368676933360e-02
2.334086972518025632e-02
1.037533630726886202e-01
6.724655495789963466e-02
7.725268753369105013e-02
8.475443004565855198e-02
1.070028136978779104e-01
4.872040694354302925e-02
1.747614900394232201e-02
1.807779297517763881e-02
6.062834441002530605e-02
6.297830777723532891e-02
7.367518608082265774e-02
7.538597816848621735e-02
8.563175806102776844e-02
3.367188045030852783e-02
6.868449847370902694e-02
5.780898548961194844e-02
1.375175858296820985e-01
7.266453394953048539e-02
3.033438358508305441e-02
6.474333333232266952e-02
7.931207770142614799e-02
3.372460736262757747e-02
6.538705377468016777e-02
1.089808598344615131e-01
8.678965161430794717e-02
9.155338400176309122e-02
7.642020763148751894e-02
5.139011073289151410e-02
1.050908742734813772e-01
1.074250081199389639e-01
2.910798226727993182e-02
3.527504569593151174e-02
5.274783814611030269e-02
7.312581925414798900e-02
3.772329852416508866e-02
1.068118226996514347e-01
1.263071146323136995e-01
6.404813374771078927e-02
3.131566403428474171e-02
6.410598796255836951e-02
7.028779224165834782e-02
4.429909480893896856e-02
1.178740832358958907e-01
1.098940202921051268e-01
7.755128090021450038e-02
8.343306593770061230e-02
7.976279820190185221e-02
4.293176681604449207e-03
1.067755371515786839e-01
3.093264867719335010e-02
4.526446253864807590e-02
4.184760758447809981e-02
3.673788331619717851e-02
4.583779991308688240e-02
5.243359640485237283e-02
4.199303738879102410e-02
6.843548914954825091e-02
6.819554186257117956e-02
1.294258460776225861e-01
8.701844557779724043e-02
8.904889114136664563e-02
7.872550217383578186e-02
4.984623899467223451e-02
8.872025607149275350e-02
9.148827557554146950e-02
7.774428104728577094e-02
8.987212128765606489e-02
6.143961069890480076e-02
7.709215620710324623e-02
6.957047199451388275e-02
7.633598407194555624e-02
7.174736248334449840e-02
-1.353765368150001980e-02
6.456064985847508042e-02
-1.177192838218450721e-02
5.162110611611139821e-02
7.639177202365983466e-02
6.387642063855004937e-02
7.697986895824365794e-02
8.562977705396426775e-02
6.829368923169262806e-02
3.347567596156960507e-02
2.376687824578653518e-02
2.049642032380397452e-02
9.808925761205712635e-02
1.896667702371831327e-02
2.946163230948507794e-02
1.261488738349947000e-02
-1.165936443480445478e-02
9.534088158282882919e-03
7.454901967300678334e-02
8.045808787828979958e-02
1.677360514499742772e-02
6.611348068229326580e-02
4.857765141885297955e-02
5.926621823475961004e-02
1.000380346033938883e-01
4.681403169875976433e-02
1.119228440567743565e-01
6.466992735718427032e-02
5.820252579844657770e-02
1.256372433862177895e-01
7.560375144906529565e-02
2.630352333957380884e-02
5.227344097241780341e-02
5.165767554517005505e-02
1.203346550646465091e-01
5.818963416253937482e-02
9.431465938077225608e-02
8.915104687005920292e-02
1.439526141324989905e-01
9.322169505055498406e-02
1.798101173855786578e-02
3.033088317601129180e-03
5.415848901386750847e-02
3.330367974828896127e-02
6.753082618947353621e-02
1.131698145412226852e-01
1.166682033270965424e-01
9.149603464882236081e-02
3.547977976324934168e-02
7.580154111870805733e-02
6.014262898123454160e-02
7.696796377276336754e-02
8.517582134712688158e-03
3.827227671162541922e-02
8.400727292297203996e-02
5.955408744597884274e-02
9.437693091250147492e-02
2.170596206394330430e-02
9.768903031376702240e-02
1.306051985446039093e-02
5.904719516252447675e-02
4.291453688070100136e-02
4.412719417542132483e-02
2.412295269289202460e-02
6.842861715260592503e-02
2.747447182351935024e-02
9.127049511674933946e-02
1.002773962453415296e-01
1.114993618220977423e-01
4.456507305668602759e-02
1.043357028346995063e-01
5.353173996605659068e-02
5.957181881610072727e-02
6.786844881714032551e-02
1.664431101128450163e-01
1.368280742503117080e-03
1.214842457987704294e-01
6.657652372270587982e-02
3.486160339341419501e-02
3.692422100806846269e-02
1.272040865218874994e-01
4.384738063473835740e-02
5.233113274282156363e-02
1.357941116647440050e-01
4.293593875205790195e-02
6.429673958770784625e-02
8.742363811666319096e-02
1.684020640142411609e-02
4.397224082833937203e-02
3.296835166592202576e-02
8.506378688446342151e-02
6.233544419460378128e-02
2.709116451005232767e-02
6.635861956792311889e-02
1.017525159028831033e-01
4.817428691614061842e-02
3.063201819875530085e-03
8.388811216008745797e-02
8.579210503279496858e-02
1.543810924046030986e-01
2.926695039343285565e-02
8.751276239635491505e-02
5.090617412436033301e-02
-2.475193616463259791e-02
1.349996180422783076e-01
1.132405014965189305e-01
4.258598979927934181e-02
5.653051083235709900e-02
7.616094752756594199e-02
4.319723051261512708e-02
8.057231829411387602e-02
7.609244132737233435e-02
-5.216780942399995569e-02
1.222816167304470736e-01
5.467688025293662712e-02
4.999784934263712399e-02
2.696993467142276904e-02
7.812432615475051190e-02
8.970562230687259553e-02
7.822494186264945804e-02
3.757097505785887692e-02
-6.074009831546181570e-02
8.311400558914919245e-02
-1.728481218608309000e-02
1.049663615422748025e-01
5.347110849307700614e-02
4.894692527129729243e-02
6.495413189008875099e-02
9.620252743435762921e-02
-1.264965897082954982e-02
7.657470560908213875e-02
6.499538322314428462e-02
3.429599175021623425e-02
9.725388675951324169e-03
8.564577327113084837e-02
1.566724408450147210e-02
1.985042643423023251e-02
6.493150049025431247e-02
5.832962074553500742e-02
4.526057240853586378e-02
3.206001275941154638e-02
4.588170034934921371e-02
5.936983413881697508e-02
1.042686528194517737e-01
1.328407541478226206e-01
1.363827678792564890e-01
8.847130219293591891e-02
1.221502136687685480e-01
3.219536898030501970e-02
5.769071958225042984e-02
4.252840096847676499e-02
8.761709157916704183e-02
4.123627388894242352e-02
8.587953078705498622e-02
1.026596341448737931e-01
9.332292433939501364e-03
1.504143372973377468e-01
6.376336746626445895e-02
2.466461221534464038e-02
3.873135226203634762e-02
6.779219164191667424e-02
1.158578258017717022e-01
4.407596045581419625e-02
7.956142675330071801e-02
4.639115927576258069e-02
1.304118769698593416e-01
1.903723399174529762e-02
