1.501287449364965658e-02
1.149215566637279418e-02
-3.133837782736670352e-02
-1.241087299644878794e-02
-1.086556489889699273e-02
3.121739280940608735e-02
3.925402905024952260e-02
-4.099628305288820218e-02
3.110512463249867632e-02
3.538747881409320950e-02
-1.606242933692603181e-03
-3.869738379019924124e-02
1.992267635641524481e-03
2.803011604327121375e-02
5.431081652863239961e-03
1.882516434746994705e-02
-1.504167274425916023e-02
-6.329355165080623180e-02
-3.673195404516145512e-02
3.728120269709131462e-02
2.405101764064464243e-03
-2.261931078387705019e-02
6.308228077503086340e-03
-4.331263193059399497e-02
-3.133714571887551148e-02
-3.042990597216563287e-02
-3.366544864789299679e-02
-2.380489389134247957e-02
-1.882560415204261040e-02
3.003473852970481306e-02
4.324006346488701302e-02
5.202943161516061094e-02
-3.496382473305213734e-02
-2.145117882803141557e-02
4.717000922201572410e-02
-7.305226575410334044e-02
-3.981784836279228523e-03
-2.788180853504750034e-02
5.289431584469775349e-03
2.650221232540057176e-02
8.389741324856488103e-03
-8.795159837878568920e-03
7.891300033506770673e-03
1.423867483827621211e-02
-4.391479841226272884e-03
-5.000034487939100658e-02
9.522288228742473160e-02
-4.867538510526497886e-02
1.332905063153409786e-02
-5.418434334434313326e-02
1.384995520455405138e-02
-4.196023095743802583e-02
-4.139801223364429628e-02
9.248712912166695554e-04
3.538163433309511607e-02
1.333818948422850481e-02
4.319739188958930665e-02
1.237490009458762363e-02
-2.271381836521389752e-03
9.904550267059963886e-02
-1.551422923853303798e-02
-4.120560067330344967e-02
5.626080410336520288e-03
2.530923642686823405e-02
3.395008374271861473e-02
-4.014014929527521397e-02
5.795890545108703384e-02
6.354597608988568624e-02
3.793407711522896186e-02
-4.152793172884700068e-02
-2.859073088333996537e-03
3.777042036303140948e-02
-1.382937896194168237e-02
2.689702277794182861e-02
1.609525195607779818e-02
1.777560171739883677e-03
1.085057265122693626e-02
2.968066368017774348e-02
1.950171951741457022e-02
-2.126426776556247789e-02
6.774311004845906536e-03
6.153568944501376647e-02
4.769838686717796372e-02
3.288182234105107432e-02
2.197430119548560157e-02
4.482141666047365081e-02
-6.854162640035105225e-03
5.745101196270514798e-02
2.485395577915022053e-02
1.979755275446519469e-02
-7.257290270516256192e-02
2.494224436556560093e-02
1.397201031729423948e-02
5.538437829829393616e-02
-8.493582552499910621e-02
-1.783682501305505763e-03
-2.913459708480935911e-02
-7.933633499031970959e-03
-1.315453494399222711e-02
3.038432717405377403e-02
2.710895163131589458e-02
6.389803640003538510e-02
3.043275575953222067e-02
-2.049165285787325763e-02
1.111025525745259340e-02
-1.182041598366267987e-03
-3.576921820740375929e-02
5.199068414655376447e-02
-1.664221069385781598e-02
-1.428733818745013193e-02
-3.440105302683199584e-02
2.292464821773481515e-02
1.526813812762935207e-02
-3.171135987498052700e-02
-2.897899347379650353e-02
-4.714828623010806907e-03
2.607675403461920394e-03
8.689774008725871524e-02
-2.938280584156065245e-02
-3.545053763468361541e-02
7.277159409251260369e-02
-1.384992827246897540e-02
1.007973110297327307e-01
-1.651029131277349793e-02
-1.405019093454765167e-03
2.968521327040690716e-02
1.350621895695898467e-02
-6.662091707238149141e-02
5.191134959760132506e-03
6.650082158811952693e-02
-1.349490296047168442e-02
1.293555909708454799e-02
3.160042266282599155e-02
2.052177588958471049e-02
6.322187219979444328e-03
-4.874216747674603445e-03
8.940950379155571115e-04
-6.704903726110145179e-02
5.153279621846652836e-02
5.164196328435274874e-03
3.050122195726710783e-02
-4.547919765488725452e-03
2.698158673462174029e-02
4.991142802386068500e-02
2.132573689912341253e-02
-4.117240118118245529e-03
4.262234569698266501e-02
6.577719296280082339e-02
5.572483430879919541e-02
6.032092628174225146e-02
-3.739064548590147197e-02
-1.000053419434618340e-02
8.418639395974961137e-02
-2.739282939105750631e-02
-5.784809685229277965e-03
-2.009720685383942912e-02
3.028233940395366752e-02
1.329690332517027840e-02
-8.127443028373364242e-02
5.371057819075958362e-03
1.997226056766418512e-02
2.886486849900260498e-02
5.025993457724156621e-03
-3.625855866523863824e-03
4.061297161509815068e-02
-2.407345469938461380e-02
2.403320163147995570e-03
3.597284688423573601e-02
-6.990189131694038438e-03
-4.899281048274552880e-02
-1.825103946991402104e-02
-1.464809767379384592e-02
-3.052714239078221231e-02
9.125614995373010352e-02
-3.229573249369219190e-03
-5.309777516980015988e-03
-5.002971816384478576e-02
1.227153586640805649e-02
3.899297479097607599e-02
-5.126091627908615361e-02
-2.209585638349669673e-02
1.385114040577159478e-03
-2.927502607323516359e-02
4.565248047145459287e-02
2.872692311319023639e-02
-4.903396536817931917e-02
2.387015544070780759e-03
-7.155383912278623360e-02
6.475282937364691682e-03
-2.597009203968483892e-02
7.895401412472663472e-03
-3.508010049609949776e-02
-5.689642490121460394e-02
-5.018174581601954343e-02
-1.176195596116061393e-02
-1.833109708211385497e-02
5.345829098103358629e-02
2.228332224672436440e-02
1.645564695532596156e-02
-6.237510019544443424e-02
-1.370606102653658398e-02
3.722294955595795152e-02
2.433250686013858910e-02
2.816656415886976267e-02
-4.702415012456565013e-02
2.689082043810649136e-02
6.646940697599211523e-02
-2.929479637577171725e-02
1.391186399217671232e-02
3.879118663563937974e-02
-6.136473801243712278e-02
-1.212518324121072966e-02
3.164681914802626450e-02
-3.509033737363626004e-02
-1.220801089378693166e-02
-1.048450187611557616e-02
2.855156697386671688e-02
-2.310434531054325613e-03
4.295606617256091803e-02
5.069190837035164598e-03
-2.936133065002165948e-02
-4.282730164916947330e-02
1.520378489678086281e-02
-9.149949096616125099e-02
-6.316736280301309819e-03
9.276707363452461885e-02
4.828187642942906310e-02
2.657135188867094239e-02
1.530274748812839730e-02
8.719829463899755884e-02
-2.156194145180516386e-02
3.500839378421768955e-02
4.468715842532479388e-02
-6.722238741345673563e-02
-4.006667778324188300e-03
-2.249198751134676849e-02
-1.999436727063683833e-02
2.467508713578268897e-02
5.172164507223024621e-02
8.582930825985526924e-02
1.498194047301504295e-02
4.035081590289044118e-02
2.201014835534022968e-02
-3.578226612552554142e-03
3.794514924290164071e-03
-1.042516158955476835e-02
-2.876698594749863003e-02
1.891339339550809906e-04
6.981715393709357620e-02
2.434873743858633963e-02
2.777491094323451815e-02
3.451569013648371487e-02
6.617468331121492686e-03
1.006397535814747279e-02
5.552860166853477303e-02
3.501915711778015583e-02
3.673718566119296008e-02
1.853894971076647247e-02
-1.557318344785806052e-02
-2.772719880569054357e-02
3.244150382827525048e-02
-1.518551957028960175e-02
-7.773332336352392624e-02
3.149521760897965039e-02
9.400752635648342015e-02
-1.830932994767664468e-02
2.049365760087402955e-02
-3.013964321280358793e-02
-6.584206767374417568e-02
2.385173523319261690e-02
-5.097411190249437341e-03
-2.264980199094650953e-02
-6.072394803769073923e-02
5.609541425814174725e-02
-9.754531929824394876e-03
-3.490564970194762889e-02
2.204742175231245993e-02
2.573253995904109526e-02
4.121125873709963194e-02
3.761775531589902494e-02
4.116630645697036406e-02
-3.394707094814763959e-03
-8.912317053417731505e-02
3.070714533593593698e-02
-7.247534407746639151e-02
2.508435746222263674e-02
-5.032446651632586226e-02
-2.326345331198809152e-02
-8.808160391594876959e-03
-1.101624306583515178e-02
2.346778464776190509e-02
2.500316144294366383e-02
1.412262503973819167e-02
-3.590737047668054321e-02
-4.775727083916023186e-02
2.234823773667585223e-02
4.388925737990156950e-03
3.183032346431666215e-02
2.663083387657158574e-02
-1.538860944673143757e-02
2.604326040766572620e-02
2.435184363822019693e-02
3.647285925892547465e-02
-4.344574577279587679e-02
-1.846269264637404039e-02
4.827512335990678805e-02
-6.586303807768617569e-04
6.931279226098928381e-02
-1.148090067193449637e-03
-3.160752869915829655e-03
2.895157114659936692e-02
-5.571723867492175963e-03
5.740471032880500868e-03
1.703183263240315437e-02
8.886323803188098114e-02
2.962902263569440475e-02
-3.483514881192888157e-02
2.158947129244243035e-02
1.583716371569932058e-02
1.166862915812129364e-01
7.697837257186028459e-03
1.352053101129721546e-02
1.949237379006533988e-02
4.499194328465665194e-02
3.122458627413678134e-02
-3.032180512652207782e-02
7.050163172791144850e-02
-1.112303849907401304e-02
-1.683881480293358823e-02
-8.220669231717922520e-02
4.459484940550746679e-02
-4.123675112373709206e-02
-4.714111307941871998e-02
-3.717129131224355953e-02
1.477097697753307348e-02
8.675378096681674034e-04
2.697249487326400241e-03
5.316246106331463939e-02
-2.118106493354684344e-02
-6.931220431387653813e-02
-1.431458515072078774e-02
3.666045093052798520e-02
9.261890104866604689e-02
-4.807730463569527546e-02
3.716962505129857430e-02
1.358760045552731555e-02
4.646640565354451247e-03
-5.229451136764511066e-02
-2.207439181886733381e-02
-8.252466017255506714e-02
3.217909170342110603e-02
-3.318336995560857566e-02
7.409636835765022467e-02
-9.647453959054726191e-02
-4.056564783455390844e-02
-2.670181518554555489e-02
-4.183365359201361711e-02
-4.031088436486852944e-02
-5.961655866191531428e-03
3.765514244365629482e-02
1.962385742350943041e-02
4.127632335917811451e-02
2.787347389843644607e-02
-1.833848474047934662e-02
5.346913131406000330e-02
-2.617756836614165694e-02
4.492113124406822700e-02
-3.521448729862015209e-02
3.051664777856538668e-02
1.480630358005660674e-02
3.712266208376715365e-02
-2.449329776041822559e-02
4.866225587469547031e-03
1.083334962150710179e-01
4.247707718832036128e-02
2.763828363740250538e-02
-1.407467943930722221e-02
1.378697258940124459e-02
4.695896452377228136e-02
2.044565318509582175e-02
-1.352329399252543557e-02
-5.261030550677307099e-02
-2.073011777558843305e-03
1.921751522110549948e-02
4.368455048301480431e-02
7.939391449759761188e-03
3.043724547574221118e-02
1.734388623652809158e-02
-2.071882199866562080e-02
4.677251030234863549e-03
-1.333043056342717025e-02
3.581483424394361903e-02
-4.746548392209963552e-02
-3.887159474487836275e-02
1.605905924998464462e-02
-5.590880102183559686e-03
-1.944885365228705976e-02
6.208161960425880727e-02
-1.254110539530492452e-03
6.616699840347045614e-04
2.377042439831133364e-02
1.278216598015607941e-02
-3.860992136416921405e-02
-3.360519883210839887e-02
1.191396132499789318e-01
4.782668453390457458e-02
1.312670994600263069e-02
2.348640693877726560e-02
-1.842394028543979656e-02
3.382585515976518908e-03
6.220298779032878977e-04
4.236153172836903957e-03
-3.967641112027320976e-02
1.265467845082485221e-02
4.158178950125136775e-03
-6.470812867726033479e-02
3.933043764644114648e-02
4.232129356577721963e-02
8.048501776963416787e-02
-6.568744343143362308e-03
-2.416812956270764090e-02
2.573353136858864965e-02
3.010975750770972237e-03
-1.042611013194215397e-02
4.509008533433195298e-03
-2.731141961087174552e-04
7.538207560974040378e-02
-3.645564430155633778e-02
-6.986861418369641474e-03
6.462475487436215860e-02
-3.396310850887054866e-02
-5.148717369356752699e-02
4.239880940963960954e-03
4.993302542884825446e-02
-1.726295999722012725e-02
-2.282311894421004683e-03
8.489571148010896517e-02
6.490345166510175234e-03
-3.000990713407282462e-02
-4.247430776933281554e-02
4.390911776220952911e-03
-6.107121026188663815e-02
-7.011520289342219880e-02
-8.005472909397695624e-02
1.187034042428496972e-01
-8.547080519131458609e-03
6.667769816590365939e-02
-5.068849179552523815e-02
1.304897070799490577e-02
1.279069622992605459e-02
-5.360133631688861200e-02
-1.920497132431084331e-02
-1.552998190818004332e-02
4.597161999976581703e-02
2.486261994005745102e-02
-3.571414454726604126e-02
-2.445605925977450967e-02
4.021056623807854613e-02
-1.093836252185123592e-02
8.310728259142302621e-02
-2.994156519900362246e-02
1.605597001146479713e-02
2.437955846733280002e-02
-8.458196772769331628e-02
-3.623821051305967794e-02
5.166823659030662930e-02
-4.807254381346295902e-02
2.663785639035734509e-02
7.318308044271643054e-02
-4.285707114393702555e-03
4.978317076208379349e-03
8.167255746441698383e-03
4.484381811731469325e-02
2.046058118148233462e-02
6.341166929169220201e-02
4.999004934437406567e-02
-6.192051022527139681e-02
3.274636518380383277e-02
-6.070182284827386338e-02
3.020340859805535627e-02
-5.092458973238285502e-02
2.362341617012077288e-02
3.511544176914176141e-02
4.196439685007632980e-02
1.619427249937382962e-03
3.730637047947474305e-03
-3.519058514541664739e-02
7.887371704598773736e-02
5.474623979429661669e-02
1.706624369370227795e-02
1.235446692178758521e-02
6.910210112076739519e-02
-2.757781152697155735e-02
-3.013747701226782150e-03
4.026350096107683685e-02
-5.050319091137877442e-02
7.284913319033148316e-02
-4.804797281819884330e-02
2.370746569907956902e-02
2.604965044882162628e-02
-1.078407101785305855e-02
1.010648819841194340e-02
-6.278430294563500103e-02
1.990546592877832227e-02
8.736902577256289160e-03
8.342615215384693861e-03
1.550883506697850467e-02
2.110861674141290001e-02
-2.404066768590847059e-02
2.813710578124713202e-02
5.790270383148399258e-02
-2.642672366244161464e-02
-5.953748509693692487e-02
3.598720812263160596e-02
-9.829176149690144193e-03
-3.084589280264489475e-02
-7.090514972147965445e-02
-6.139684460408303956e-02
5.320354187013548453e-02
-1.575836732335282597e-02
-1.949950608277169206e-02
-4.961290465250960818e-02
-2.751290252181374379e-02
2.584950713181721760e-02
1.164196466013408399e-02
1.484892339814328222e-02
2.515838185547756428e-02
1.023091852620526543e-02
-3.694794681823762583e-02
2.171173025616798813e-03
4.647417511708478582e-02
-2.842321436596326883e-02
-1.631200670241415851e-02
5.225554780201039501e-02
-5.243751393763358692e-02
-2.692299946014106021e-02
-5.713509987649982580e-02
-5.558995829709943715e-03
3.923832306988706692e-02
-2.249886797203861505e-02
-5.057380772929510188e-02
-6.402023289392452798e-02
2.679493238182893700e-02
-7.090264632124694544e-02
8.076982187876009800e-03
1.676068435074350160e-02
4.584255637260836735e-02
2.067077762988205059e-02
3.180600825211184896e-02
-6.531332418686576491e-02
-3.798417898872682996e-02
3.336278295377480274e-02
8.259287332147013938e-02
2.739843388960147563e-02
5.519078835167905150e-02
9.593219234742544899e-04
1.075077790415641943e-02
3.593310702559160408e-02
4.487773041777493033e-02
1.127412013656204498e-02
2.622615297901742526e-02
1.745661042488307058e-02
8.529231076025015068e-02
-2.142338817641747939e-02
-1.073208644824692748e-02
-5.406154808492925901e-02
-2.533576265479953182e-03
2.205233741939947867e-02
-3.617966051430859808e-02
-7.093814383346026819e-02
1.623242593438753434e-03
9.411799471507546755e-03
-2.896538639667115000e-03
-5.685669551454244908e-02
-4.489982542825288192e-03
1.213723505943813119e-02
-4.394593940528301879e-02
-9.139681001739466404e-03
-1.098155053560982697e-02
2.612634985194825510e-02
-3.355389413798343101e-03
9.484456943352065350e-03
5.970489222418055852e-02
-2.600146056523541804e-02
5.111895177525407896e-02
-4.797538449797340843e-02
1.371821618322281722e-02
-7.514872932636346148e-02
-2.030959321662612060e-02
-3.369214982854723539e-05
-1.118830823695792509e-01
-1.254502653174247029e-02
7.992790783444746194e-02
4.563504047744940118e-02
4.883095577920910230e-02
-6.672672231723075775e-03
-8.722014841982525524e-03
9.697035742831074112e-02
8.546473753482414226e-03
3.811024361303866348e-02
-6.112841053010369119e-02
3.100744836022539808e-02
-1.037292314219391554e-02
3.128338073109741130e-02
-5.481934592604104789e-02
-1.169198914468987105e-02
9.722592831054635565e-02
4.798110486603372749e-02
-5.976095527698108145e-02
-3.517682868377360050e-02
-4.203291677283938627e-02
3.717606356355451780e-02
-1.751704004698138167e-02
1.645893569547541430e-02
2.771327217499491846e-02
-5.646348686336066791e-03
1.615094908337597057e-03
-7.315731316275235485e-02
5.806805713566819127e-02
-5.859716604613945945e-02
2.314686456752756971e-03
-7.523490215377515167e-03
-4.641415926960200389e-02
-1.732092802591797542e-02
9.465732847918403858e-02
-3.950114050356801770e-02
3.943618885832667065e-03
1.895438074434902670e-02
2.435008030624729453e-02
5.631720329517074519e-02
-1.606855036519619362e-02
-2.322366708945741709e-03
-1.471144461368598111e-02
-3.259051464449046198e-02
-2.192299283170930785e-02
1.384208852840024262e-02
3.983609322955006943e-02
-4.680316805832286653e-03
-9.723959907590687402e-03
1.662821524781466637e-02
-2.296614946238384469e-02
-3.398841160705935727e-02
1.219285164356935514e-02
1.024757979434556820e-02
-3.785124696128951138e-02
6.502602023971806866e-03
-3.104499478287618686e-02
-3.986794809929655042e-02
-6.828969015953326172e-03
2.581161575718411705e-02
-2.160793820646256941e-02
-2.768314465646428552e-02
-5.237079009272935237e-03
3.309577505142120846e-02
6.260885683536349111e-02
8.415603256739709326e-02
6.688580536633635665e-02
-2.166346318405102528e-02
4.056817354562897160e-03
7.921944318622226033e-05
-8.853717218434264957e-02
3.761504569001405257e-02
6.977773769462999875e-02
1.673259756551942479e-03
-4.087138303108345250e-02
3.196618548768232621e-02
2.578752330819525374e-02
7.238947495583711311e-02
-5.463552568558405209e-04
-2.611167468816788517e-02
-3.981200081977395722e-02
-5.539221165272839587e-02
-2.148049070995011745e-02
-3.257402670769243141e-02
-3.392034862845745569e-02
1.366696594839324208e-02
2.003633230662549281e-03
5.486315269764029806e-02
3.057570315105276326e-02
-3.609462722198263085e-02
-9.598058156171790367e-04
2.021658901987921989e-02
-2.267966162916645878e-02
4.393847120383417848e-02
4.457651845276786040e-03
1.881267714908334276e-02
-6.572434142529352818e-02
7.164748961816119754e-02
2.382205089290351241e-04
-5.748335928344241313e-02
1.958844977419300915e-02
8.006621949476863676e-03
-1.812674989896530253e-02
-4.081393944842418020e-02
1.970401800607583798e-02
1.036501670512796069e-02
5.373144566848411796e-03
-5.430894621095672808e-02
1.372782949641203343e-02
-7.674403993567679994e-02
-1.305345507144597961e-02
1.677715597373707207e-02
2.334274766168097093e-02
-1.346360887270844908e-03
2.714512083514079854e-03
3.804451788558455005e-03
2.990264913162363203e-02
2.410511679376910188e-02
6.296184011469467545e-02
2.594220596741074469e-02
-5.273142537575091493e-02
-4.098163278997243864e-03
-6.524643199160393148e-03
3.823277478069911361e-02
5.179322946268864053e-02
-7.334384666184107227e-03
4.977392802100476243e-02
-1.254628259050594163e-02
-4.324662964612378813e-02
-1.484952369559035257e-02
1.742068787991768453e-03
-5.243834428258274671e-02
-5.312456556995498458e-03
-3.807654756387537920e-02
7.176487394681557719e-02
-1.533632716937351204e-02
2.425292681936572214e-02
-1.293091808181359714e-02
7.479008037762711891e-02
2.567636554644858737e-02
2.745401292030000273e-02
-3.019411252890141784e-02
-1.723280169582545873e-02
5.210914643396945267e-02
-1.535301041283348641e-02
-4.637832623058259218e-02
-1.133508289348297837e-02
5.000402800275897952e-02
2.435180821864516010e-03
2.455066920458758364e-02
-2.080891497316751659e-03
4.042523114413751339e-02
-1.667911262177137338e-02
-3.767415060592592402e-02
-2.535032753082668011e-02
2.763457557498336103e-02
4.976384839063638377e-03
-2.242091579276098146e-02
-1.599103077975470855e-02
4.106050501055408253e-02
-2.225584875756567160e-03
-6.820121961924457965e-02
6.145413334104674746e-02
-7.393348720662981655e-03
3.299536712267076011e-02
-3.429945349623177153e-02
-5.545210386413938763e-02
4.006504961631897344e-02
-2.353571246047700405e-02
-5.931113928692645365e-02
2.271359829196711866e-03
1.715424034590024016e-02
5.119620337879897398e-02
4.733405180972373449e-02
-2.056255381797070930e-02
-1.282904683528216655e-02
-8.072711761424260224e-03
-1.901889493260838782e-04
-1.342513091991859309e-02
-9.958001938707169987e-02
7.154594393236277106e-04
2.373615456981153365e-02
-2.854168334497891868e-03
2.230442577761511391e-02
-5.931276160933650343e-02
-6.390070909255904374e-03
2.282430481571640080e-02
-1.925639485947075458e-02
-3.371241509802842817e-02
3.656402755388224457e-02
-5.624971434177770263e-02
9.160760609341705996e-03
5.281146185793657299e-02
3.082877811846407301e-03
-2.226491048854425947e-02
1.330728295994606375e-02
-3.447872996549962432e-02
-7.037785679313207643e-03
-3.596796676776024826e-02
-6.726040450480341715e-02
6.744134171500683339e-02
-1.100877983991918607e-02
4.560021538891054216e-02
-1.405647140619421809e-02
1.821947808156813842e-02
1.870243776117103129e-02
3.144054446343471504e-02
7.863885081521276854e-03
3.057695980657554324e-02
-2.618699719303049789e-03
-3.436342591104109279e-02
-2.472310073552476395e-02
2.316759692987668817e-02
5.010235487063266491e-03
7.353163469751691772e-03
-1.201151424142669899e-02
-7.578930315328163969e-03
4.551766861238035200e-02
-1.969263689485846458e-02
7.953949183995806527e-03
6.854981325844458628e-03
1.452684072617860256e-02
-1.614885436258814422e-02
6.838674988657381104e-03
6.116240938717777686e-02
5.689451216769123715e-02
2.580580154874333870e-02
6.897661047465879214e-02
-4.617179828090070548e-02
2.583473868826390019e-02
5.271499532727964843e-02
3.868135412982326438e-02
-3.666643166492221384e-02
8.282868139688454034e-02
5.848568561728012538e-02
-3.303548997411359656e-02
-6.204290651338813245e-02
-1.338534494721513313e-02
3.154170862132051750e-02
-2.657960191987653736e-02
5.135884496539786653e-02
-1.793932594404147596e-02
3.255547744030566626e-02
-3.782208385026245012e-02
-4.989234621502796480e-02
1.542498268540616613e-02
3.964500803302909576e-02
2.990089131985307347e-02
-1.997773705527115806e-02
-6.501717380467078589e-03
-2.183068170066003455e-02
7.364901462620643269e-03
-1.334156271652503500e-02
-3.079513274676702606e-02
3.125331951796890551e-02
2.306243169560702466e-02
-8.919307689552097296e-03
3.238132294047942755e-02
-2.013242976268912743e-02
5.616087293390439883e-02
5.749986304594981168e-02
5.042029886256148286e-03
-1.107923910674687290e-02
-4.597315118306403992e-02
-5.537138039377094423e-02
3.789110642153498132e-02
-4.057610173597173131e-02
7.364752632997323412e-03
-3.594692525702460062e-02
-2.763216917085344060e-03
-2.245563358182803282e-02
-1.389212444757431664e-01
2.061419592718867488e-02
2.821938331497232666e-02
6.031957056991138488e-02
-1.959506766702360375e-02
-1.956773289702035123e-02
1.757570886105644381e-02
4.736711955267694507e-02
5.381645256786530412e-03
8.569021698714283930e-02
3.270511548664266355e-02
5.455687099354410152e-02
2.825549456838336720e-02
6.330456640073864327e-02
-1.822378040980511538e-02
3.329598584089572821e-02
-4.633530919097521988e-02
2.291326605640266190e-02
9.354077184399352263e-03
7.500611925184780260e-03
4.440981084955727964e-02
7.319203493775516822e-03
-9.806366400207627843e-03
3.043577061230744868e-02
-1.837576876992490227e-02
-4.042450711559808507e-02
7.567547237504246294e-02
3.040978140510587624e-02
-5.005123758682303997e-02
-1.130113078095712487e-03
-7.700163621696071159e-02
-8.604418328306748243e-02
-7.665605861963298295e-03
2.250694233246100517e-02
-4.459322945504357039e-04
8.000393360026926415e-03
1.077177420451821965e-02
7.755068961484988532e-02
-2.606544875955187079e-02
-3.186943437402993407e-02
1.004998573935655948e-02
6.091356971568580303e-02
-1.589987224667487042e-02
-1.157919078481349506e-02
-3.048162504376775161e-02
-4.433734652026156964e-02
-1.256179614715535742e-02
3.343820589194260173e-03
-1.852484918301566807e-02
-6.597452307949125405e-02
5.067905275832088052e-02
-4.773709337018287868e-02
-4.776698516490311686e-02
4.372474119245343266e-02
2.767130563779742619e-02
-4.997109414331045441e-02
7.031747813239061506e-02
3.062035679662114540e-02
-2.252001350065116134e-02
4.541934813392668746e-02
-6.723864465048609573e-02
1.160485078109018686e-01
1.489924437727524476e-02
-1.313563704032884305e-03
-1.320180372280710390e-03
5.598197080957961758e-03
2.619587312022221559e-02
-3.793531385951412482e-02
-3.315140548928230402e-03
8.619434699301539715e-02
3.924860749004852739e-02
7.415706340096857307e-02
4.391039236847298077e-03
-2.915011992816813474e-02
-1.335638932871840157e-01
3.232832397233306732e-02
-3.231775635294457938e-02
1.736467949091421992e-03
-3.162644832933080019e-02
3.520609637355065491e-03
9.564753803673040067e-03
4.743514909529905621e-02
-8.916623596498959858e-03
-1.740135817379918209e-02
-3.769145870711392010e-02
-5.576774432667687409e-02
3.242244746824800988e-02
1.062782087985784940e-01
-8.952354635582741860e-02
2.399621544518554250e-02
1.545327655296749314e-02
-9.008394499686828150e-02
3.288194728185493687e-02
-8.389299489044640956e-02
-2.214490179408686032e-02
4.266013576788885847e-02
-5.850835787067763111e-02
3.923215422237114058e-05
2.327956363467283130e-03
-1.467910533774089560e-02
-1.754882344216944501e-02
-4.377728357466201259e-02
3.336302855064239570e-02
-5.630881108298172594e-02
-6.530485986178455327e-02
-1.188747646216609111e-02
-4.314868515219665718e-02
3.992404588436594681e-02
-2.206471537088255941e-02
1.021808346409066037e-01
6.701357952683832664e-02
-6.067920457301175657e-02
7.451634347944546821e-03
4.286000392698775807e-02
4.119325475041740042e-02
1.264264360130928910e-02
-6.637777225457046348e-02
-7.328624424881850785e-03
2.921651470065668443e-02
5.434772555015023043e-02
-3.409873556016970036e-02
-5.813516923824052496e-02
-7.622807381412313732e-03
1.197184131473835733e-03
-2.938915699866742615e-02
-1.870391437866847362e-02
-2.678426100495012729e-04
1.576746668305777088e-02
7.295970920247449309e-02
7.844524748089709565e-02
-2.366118929526145331e-02
-8.482788546080227698e-03
1.832826578680935709e-02
-1.557597796159849307e-02
-1.428236402580360803e-02
-8.732953492530080852e-03
3.015900053742440190e-02
6.118231272466127801e-02
3.023215150296650056e-02
-2.001847959967791024e-02
1.558262032745565129e-02
-2.008035193928494472e-02
1.942674198151127241e-02
2.295677618042789303e-02
6.258089462972238337e-03
-1.847879841469877299e-02
-5.706142244537387720e-03
1.491968025344985599e-02
-1.477561137738184205e-03
-1.662851608840057449e-02
7.748731796173781439e-02
7.197719828097616512e-02
-4.485082373345706391e-02
5.076105085916474829e-02
-1.480847097638493537e-02
2.326063711461027333e-02
-6.129084229787191973e-02
3.252594622901547328e-02
2.662118599072624964e-02
1.118549266014991217e-02
-1.299840196088909716e-02
4.115285497486435851e-02
2.587000878661983860e-02
-3.994870669408068231e-03
3.871179023774001110e-02
1.575930467735683210e-02
-4.458841691646008021e-02
-2.511168805588875202e-02
-3.162387565450568150e-02
2.660739293413313944e-02
1.292735616362947204e-02
6.272673764894289017e-02
5.258150858245173864e-02
-2.986663336338817032e-02
-1.446589895335129161e-02
2.868045569957981822e-02
-2.597728167203285088e-02
-3.894094313974926641e-02
-9.815444695886327287e-03
2.957840615983409194e-02
-4.761192782595424083e-02
-3.883313101161311315e-02
-1.926422874781805183e-02
4.349973364223265471e-02
-2.592733647210770931e-03
-4.045172431226262688e-04
-4.326605377449041501e-03
-3.747992416007345229e-04
-2.048852782151493190e-02
-3.371285638193928513e-02
-1.262220787911073894e-02
-5.962535208459254776e-03
5.299809815495118426e-03
-3.217598282362815754e-03
-2.457650358901676893e-02
3.258888044617914981e-02
1.039898575695711591e-01
-8.802023779150541793e-03
1.854606951066678500e-03
-5.327472775937350941e-02
-1.639730946749869828e-02
-1.459310586485514094e-02
-2.375670234752031568e-02
-3.325823633046193217e-02
-3.257746961418957199e-02
2.989107492402612309e-02
1.704754779679856780e-02
6.005009166687817063e-02
3.466347293933645657e-02
-4.723792362336901030e-02
3.321816201606687946e-03
2.108541586374914484e-02
-9.133002756839411762e-03
2.339204556644192134e-02
3.996752610113173815e-02
5.523644661069196382e-02
-7.386835427445823110e-03
9.877879490801044771e-03
-1.921708084050165188e-02
-3.124992010852833957e-02
-4.736131111211475120e-03
4.195832838010613020e-02
-4.458626884132280144e-02
1.801054812090023549e-02
-4.917417372660526365e-02
-7.214643602114789722e-02
1.207536260784268511e-02
-1.381806052057571454e-02
-1.443976928062384868e-02
8.869754302794888301e-02
1.475458210071946274e-02
6.009795388880412315e-03
-7.107244079166366579e-03
1.890816018214069860e-02
-1.532787239232862725e-02
2.769120249788567523e-02
-2.160291433856149912e-02
8.304570767149466182e-05
4.456325080345081846e-02
2.667779504874641383e-02
2.640710320021392998e-02
5.414003985371423910e-03
4.130718592645826748e-02
-3.587077819854561644e-02
2.756760024446992807e-02
5.576926862251019995e-02
-2.980455919743010829e-02
-3.010390268986584683e-03
9.726328995504462949e-03
4.055241884369439886e-03
1.465381128012130385e-03
-4.810367735512710574e-02
-9.550635154046224762e-02
7.696297347379910114e-02
-5.396440144022235375e-02
6.986927119758248872e-02
-3.043232382072831588e-02
2.181211115277122137e-02
-1.565985085302708246e-02
1.991617670354212111e-02
-4.002587479497430462e-02
1.371485133368133269e-02
5.356806812449060179e-02
-1.394503254651420499e-02
-5.416069260990065415e-02
1.399709998394492450e-02
3.611817042560097613e-02
2.752804850281251325e-02
-4.856665269983605204e-02
-6.412544255638587265e-02
1.550690279861156873e-02
-7.768074840266749048e-02
1.734953600283228176e-02
-4.194263019849887864e-02
-1.604963110873868642e-02
-6.285197857178022318e-03
-1.090236117125466253e-02
-1.444961749457567002e-02
1.957984265818094038e-02
-4.587064857496262610e-02
-9.303391484985656934e-03
-2.456265253501854762e-02
-4.164650821095716715e-02
8.473065583534440670e-02
8.946942502778969242e-02
2.647192361559511098e-03
4.242780206470250087e-02
2.080208198659926760e-02
-3.797210390342128927e-03
-2.752038193130387778e-02
4.288394955137465880e-02
5.979543020346378412e-02
6.152923542944624402e-02
4.016719374962295086e-02
-3.544863079237618037e-02
-6.006372650923551271e-02
3.459176004194804838e-02
-4.534650696417980020e-03
7.422414796494863909e-02
3.888012821055267243e-02
-1.103551806085581455e-02
-1.626949326797784423e-02
4.747915414929246292e-02
-4.181479673655323637e-02
4.404273570640744595e-02
1.732766551327111215e-02
-4.332834424695432285e-03
-8.256049515444270626e-02
5.492112930721356617e-02
-5.071673023595596463e-03
5.673632691113111859e-02
1.962658749881975029e-02
-7.019568766095610202e-02
4.970213657575926064e-02
-4.260340279944770797e-02
2.488331420523008652e-02
-2.996130023408314497e-02
-1.309883649691208005e-02
4.347145230268989469e-02
3.862383988484233144e-02
3.392182312577488035e-02
7.125495234152853796e-02
3.978670796075028937e-03
-4.195736176268717588e-02
1.207267158497443704e-02
1.848427029053828496e-03
9.600602138842909139e-04
3.195363291291443419e-02
1.166740217331942858e-02
3.789027766300234745e-02
-9.188497661094037483e-03
-5.368088762603501207e-03
-7.107241352169417492e-02
4.495400990286242682e-02
-2.651805383844030306e-02
5.434224308555783700e-02
4.404030305544901630e-02
1.307994192795064459e-02
2.000463980482763970e-02
-1.282328472701584066e-02
3.161737690379425036e-02
-1.387388936208078238e-02
6.206011136436512254e-02
1.178653433878493195e-02
-2.789880640506570142e-02
5.949596742679076622e-02
-1.080709529224566090e-02
-1.685003088903887225e-02
-9.130423908460094662e-02
5.504362613962815454e-02
2.243824025233110558e-02
3.073289708332765241e-02
-4.694760433303852426e-02
2.164417466668293322e-02
3.009714614194880511e-02
-1.669666488456922337e-02
4.182484189050533763e-02
-2.635874424337577432e-02
1.943967325923386114e-02
3.920964170123511505e-02
2.355509916126904274e-02
1.093922352067805415e-02
-5.824154867246369993e-03
5.069412043447191207e-02
6.896657093764690938e-03
-5.253125688276363836e-03
-8.713564500798880175e-02
-1.961576721017085911e-02
2.463543683120498345e-02
1.798945901319168317e-02
-3.021536311179927325e-03
5.855384022511238989e-02
-3.260236472245205130e-02
1.765023084432248979e-02
-8.365292286098988117e-03
-1.148567911525811558e-01
7.857509585624158910e-03
5.544847775062184542e-02
-1.288832480508171618e-02
-3.378669082741438123e-02
2.220277867950971873e-02
-1.633607443833576950e-02
-5.487155155418643737e-04
-1.181456963720059483e-02
5.566570593225489416e-03
7.291570665465406387e-02
1.647550878290587884e-02
-5.121294235445120191e-03
7.986835120288941769e-02
5.297482039336227216e-02
2.041110579072177855e-02
1.113670763428637328e-01
3.242847442515918444e-02
-2.219507160479375352e-02
-4.353499330255475308e-02
-7.386199026856379857e-02
3.550786338159157840e-02
3.879607737829820352e-02
1.229501532504052863e-02
2.530218850643180944e-02
3.625315568225863372e-02
4.439179246299455872e-02
2.322036098291811734e-02
7.649327333735370105e-03
4.408613117411332161e-02
1.459133348008957026e-02
-3.805551415899399714e-02
-3.034136406704136119e-02
1.481921914401759799e-02
-3.756673015021763651e-02
2.984053145964959963e-02
-1.625801424402949225e-02
-3.472069408674088864e-02
-4.529627479676325008e-02
2.285075835005176415e-02
2.537398708797397595e-02
4.516736255391404914e-02
-6.688718831887044414e-02
-9.662344286011870231e-03
2.251900524658385222e-02
1.718187946268881494e-02
-2.475630643915621709e-02
-3.052544894729141561e-02
6.561575045185569222e-02
1.271143757999959600e-02
1.303770801473088520e-02
5.440028499224719427e-02
1.185179450186782391e-02
-2.102728057312104604e-02
7.756068479003933036e-02
8.559594576441002800e-02
5.186404341813756480e-03
-6.885752256666904936e-03
-3.079134104377610759e-02
9.409296821461729521e-03
2.563687160779093421e-03
3.094233949119093441e-02
5.018452168122292112e-02
-5.405637600042276919e-02
-2.702890260536085915e-02
-2.147633454690051069e-02
1.300735104192823899e-02
1.714799110999284948e-02
1.738166204883360988e-02
-1.966737211521811524e-02
3.116552414144255212e-03
4.388209457912917166e-02
-2.594693981603278521e-02
-7.986091103579245898e-02
3.765156533049782150e-02
3.965982314281613075e-02
2.053705100867411759e-02
-3.532794103531884666e-02
2.544606643142001412e-02
-9.135019182846856878e-03
-1.188141432971229899e-02
-1.786845858382697660e-02
-1.323850947297336711e-01
7.840559364851198976e-02
-3.395522506793824391e-02
1.822446837955007948e-02
-4.324588218508713944e-02
6.134108989757233732e-03
3.261641323891700806e-02
5.870692029158815911e-02
-5.655166925771286379e-02
6.268919500401734513e-02
2.604775440408363396e-02
3.504511092250001819e-02
-3.008879953374484634e-02
7.843957855446719030e-02
3.483875855743778782e-02
1.635105150993944323e-02
5.798291860557008848e-02
-8.216200067727894019e-02
-2.647443522830260354e-02
-5.085827938688636252e-02
-1.511458243799167211e-02
-4.907286432044054986e-02
1.321580954461373802e-03
1.661829082701814231e-02
4.658910302555968608e-03
1.636825666398804280e-02
5.707267253343834001e-03
-3.308682141318214365e-04
2.337659666215129856e-02
-2.011630002427297614e-02
5.506486906025823830e-02
-5.728108404406728055e-02
-9.263197283509161384e-02
-2.854263990189172262e-02
-1.092177781707448503e-04
-7.444719818110234755e-03
-6.358873903876197109e-02
-3.769974244254511303e-02
-3.088284514147755788e-03
-2.577122558364658422e-02
-1.627788058223123696e-02
3.898866582428550664e-02
-1.242418098093106549e-02
1.868629610425474874e-02
2.195507171780253231e-02
-2.961241400851409578e-02
-9.317831841522947189e-03
3.302129577390136572e-03
-2.629841032654658961e-02
-2.838083148484159268e-02
4.873139466619713644e-03
7.076497396878338175e-02
7.715154753095102014e-03
1.058485124872998312e-01
6.076713313336467442e-02
-4.778861436128123419e-02
7.665923488511881823e-02
9.491067697994723384e-03
-1.673909654985590578e-02
-5.527666853073390230e-03
-9.947056988796904031e-02
4.843508866908494137e-02
6.064540165527321225e-03
-6.091816048274833681e-03
-2.870550443008242081e-02
-4.909163678743028170e-02
3.799981027255064370e-02
1.186898517321136048e-03
3.910323156054967136e-02
-3.720475382663034070e-02
8.207972552266726285e-03
-3.823228544785372413e-02
-9.226551395697751845e-03
-1.087317141310922136e-02
-7.072065330203508582e-02
-3.452589351267930373e-02
-4.947543001959608944e-02
-4.278460246040394210e-03
-1.350195187731421942e-02
5.960370963348034928e-02
-3.641449010775946876e-02
1.295265199656807364e-02
-3.887371596638393434e-02
6.820666517619894398e-02
3.399041979569258909e-02
1.664365739542103539e-02
-2.173658289560274903e-02
1.443566367284297713e-02
-6.215575774880244264e-04
7.502372580297705928e-02
2.242687759910021172e-02
-1.456835853527423119e-02
2.197520147357635845e-02
-9.631101356432407445e-03
-4.111615288064925100e-02
5.319305305922464311e-03
3.263158244609194736e-02
-2.160035268032818589e-02
-3.360257950465822541e-03
4.036597065756294955e-02
1.432417869325110227e-02
1.981728391679518642e-02
6.894678851966037220e-03
-1.501898673003905504e-02
3.042637895996314068e-02
-1.431009366784943837e-02
-6.234299914621029004e-02
4.697386828600096098e-03
9.087556493920900813e-03
-3.840149851155594263e-02
-2.632759032566260593e-02
-8.078065955381699692e-03
1.035433029926723786e-01
-2.316925409742848219e-02
2.814057936013440731e-02
-2.301121424140306626e-02
-5.946195797125831961e-03
2.881314321366988673e-02
1.674488195389924050e-02
1.985616816981214394e-03
1.778273647084921416e-02
6.295283679041177582e-02
-3.272162242842389240e-02
-3.830671181548706006e-02
1.774236054843471300e-02
5.918043158425354000e-03
1.721455638571274538e-02
3.756516263438837433e-02
2.082624415191421108e-02
5.573051411152871171e-03
-2.513846563550210800e-02
-4.380057203352256956e-02
3.460013737725581989e-02
-4.132089277688895390e-02
1.959401221961133005e-02
2.059261374117449250e-02
4.551891775271506985e-02
1.920304954667510777e-02
5.159921037893810958e-03
5.442296535254116663e-02
-3.622196620355561808e-02
-8.746308671973540561e-03
-3.175413920792077849e-02
1.662838938022626056e-02
-1.667033761359830446e-02
-3.950748088475500297e-02
-1.727854155739524944e-02
6.155907542340352534e-02
-3.085430324011111114e-02
-1.837486776706524771e-02
1.666488545773156527e-03
-7.816581133244904223e-02
-1.039067182256798311e-01
-1.855942849831519748e-02
-4.821259230267977564e-02
-3.722046750827347206e-02
-6.330337596795759803e-02
-3.313881612992411463e-03
1.418142517886519793e-02
2.440084607862766375e-02
5.749056244115195724e-03
7.181618944542522698e-02
3.551272724006295650e-02
1.240212102235951908e-02
-1.055101846595146720e-02
-1.903282149280316471e-02
1.968884284060090639e-02
-2.806126493700777935e-02
6.955507621724296707e-03
6.223738161822800485e-02
3.670998981244234100e-02
-3.654804019229188072e-02
-3.629632937664791642e-02
-2.318308200793658957e-02
-1.751408120440668681e-02
1.148506722600510510e-02
4.335219621057394279e-02
-6.523868944244462509e-03
9.823974812774055598e-03
3.761117668784254991e-02
-3.717633376519383775e-02
-3.379962712901486005e-02
7.283071209719660377e-04
-2.646866116341695108e-02
3.180746425753333551e-03
-5.248831517058237528e-02
-4.249335811449550526e-02
-2.170718204135506368e-02
-3.757054054272595395e-02
-1.091474232730262062e-02
-4.035731446242939169e-03
-3.769996756740334742e-05
-5.715375640684880465e-02
-3.524934904771598321e-03
1.503417156254925613e-02
2.317776847086402969e-02
-1.366468613677242899e-02
-1.033834722703473596e-02
-8.097357554801232205e-02
-1.603054968543341646e-02
-1.487113818153150413e-02
5.669819028830801882e-02
5.166355156245515390e-02
1.166688275449864753e-02
4.033008582388025037e-02
7.247786514572622518e-02
7.444704721923850466e-03
6.638976693498967185e-02
-4.058390048799549732e-02
-3.353289871235488190e-02
-2.057402020914929353e-02
-3.191008406326666796e-02
-8.162976782094807926e-03
-7.589146988412603934e-02
-8.750267201060020483e-02
4.096863715109258508e-02
4.797737464825355125e-02
5.457351476276564584e-02
2.425527925114162597e-02
-6.701035454117049150e-02
-4.122250179136840997e-02
-5.055053567750106280e-02
-1.514004100005882092e-02
-1.927508612995772891e-02
-6.425473306970475029e-02
5.798076138442668365e-02
-1.504120092792518570e-02
7.402074805681187197e-02
-6.858305480921284003e-03
-1.707850960551962269e-02
-2.862638564700915184e-02
1.220318608252599080e-03
-3.793488282625785690e-02
-2.394575227067825829e-02
4.816507667125213832e-03
-2.417212137383017989e-02
-3.359665267687689250e-02
-6.064508560287497352e-02
2.289926819703625577e-02
1.275426794358099775e-02
-1.421682306516057481e-02
-6.217162172875850823e-05
6.979081713394186259e-02
-1.496731549389727911e-02
5.704850169569700147e-02
5.324737113909808195e-02
-1.158666104210157033e-03
2.563378189248179118e-02
-1.324884900974763330e-02
-4.598285092625574444e-02
5.838585059907017150e-03
8.190140424050654233e-03
-5.249229680640678936e-02
-3.293651679108159508e-02
-1.119188102153971520e-02
-3.425689121889867461e-02
4.142568740400089100e-02
-1.031940984221055291e-02
-3.921572964304756437e-02
2.981006027314165446e-02
4.439950294269567194e-02
1.068353241273427290e-02
4.749358478081240620e-02
4.545082887077556144e-02
-6.008195279237550646e-02
6.522624318577151248e-02
2.496301073938458903e-03
4.318214576797243381e-02
-2.166161638020469571e-02
5.679063946412950953e-02
1.577838996648812941e-02
1.046307162748057185e-02
-7.335632393091441605e-02
6.830258162556449020e-02
7.959818566622749170e-02
3.654650296153373612e-02
5.702928356705948276e-02
-2.759425489846659141e-03
7.301289323619125637e-02
-8.869588530878491639e-03
-2.428559966775664658e-02
3.537471347766842772e-02
6.815181160700684027e-02
-5.785442878137618539e-02
-4.616471433242391731e-02
4.368844669338639575e-02
-1.029387952208292434e-02
1.875556831868313568e-02
4.081925421642429441e-03
3.556375733253477889e-02
6.432331504990554394e-02
5.783044925732463981e-02
-8.248917129002286686e-02
7.328278219986272823e-03
-2.055140372170352614e-02
-4.461316794162235866e-03
2.925682651409342028e-03
1.368328200267264483e-02
2.039965601890876556e-02
3.364878683517562308e-02
3.732875746456605637e-02
-2.159388009286396237e-02
-8.680390413777522296e-03
6.482096440404602755e-02
-3.298174359643208514e-02
-2.583372189609082353e-02
5.926582952795330511e-02
3.699926124066534039e-02
3.877286953870349995e-02
8.255136917099489824e-03
-1.478320114980523348e-02
7.148185541292595424e-02
-1.827375256827069860e-02
-4.120922131383943088e-02
7.500190916355939375e-03
-2.687489593710332136e-02
2.984297657321695330e-02
9.149242080843195124e-03
-1.859752760484090217e-02
-8.051444063512963600e-03
-2.674500339323500342e-02
3.480715741651280171e-02
-2.009655415752866631e-02
7.392788949583453673e-02
-3.522972444485665544e-02
-2.760701069938822916e-03
2.487604867487538257e-02
-3.712934764201185345e-02
-3.206129274741988111e-03
3.765006461638049917e-02
1.087790803026381092e-02
-5.342790105353434349e-03
-5.974520986405462697e-02
5.389993715840050992e-02
-2.431505014261236414e-02
-2.382541627088596847e-02
3.097944066934907315e-03
1.260040254393768322e-02
-2.484735721820911791e-02
-3.906667877835820479e-03
1.292218229467151369e-03
-3.441520806981827885e-02
6.684522521308716714e-03
-5.832973212112470274e-02
2.492883080613796098e-02
-3.892604170553658205e-02
6.616842509868260669e-02
-6.338774812590550201e-02
4.498284732585295514e-02
-1.637689464828301356e-02
8.530581552101290654e-03
1.174440372011882616e-02
4.732982793878162675e-02
-9.496006058407377437e-03
-4.258824899825915805e-02
-8.398704772063947388e-03
-2.403298316406773938e-03
4.613502135063419357e-02
-5.999228100224350546e-02
3.587252766783297075e-02
2.797214162829961270e-02
-1.158982206987877600e-02
-4.746611156334953896e-02
5.458472523079936634e-02
3.152514361380516494e-02
6.905409152868412226e-02
-5.782356273871706170e-02
6.945255763347091271e-02
7.803882959931576768e-03
-2.962115862211928477e-02
-1.657696271771336161e-02
9.488448302258845057e-02
2.156908037937083078e-02
-1.029719217705454826e-02
-8.509190229423799212e-03
-2.976020226731341395e-02
4.392271085210328052e-04
9.319495671268010484e-03
4.378971906782432033e-02
4.351044581992619120e-03
-1.611192885118502977e-02
1.037645020260310677e-02
2.063655414980537089e-02
2.196481826521611003e-02
-9.531166350903043372e-03
-2.756373982890511498e-03
2.439115429425953163e-02
-3.156968332322256099e-02
4.226774605348423280e-02
-3.335730487706661807e-03
-3.434993612856594714e-02
-5.520387634549281386e-02
-5.682237687418934674e-02
4.799194155666482164e-02
7.326034374636643254e-02
-3.103822969575843749e-02
-1.812673108122082877e-02
7.780214388964847017e-03
3.690544079966765617e-02
-8.173396411093977743e-03
3.846133485620344128e-02
-7.359685684842395825e-03
-3.730447636569363817e-02
5.969357878307268717e-03
-2.796540746225357338e-02
3.157563314195503679e-02
4.806602659747129941e-02
-1.133688012958842389e-02
7.495233465388090321e-02
-7.917715792713185541e-03
-2.614740319862987605e-02
-1.174786808054528731e-02
4.824886719387515288e-02
3.983230674077713196e-02
9.822536294287492753e-02
9.374495979614691499e-02
-4.883391622653496245e-02
4.283097307607169196e-02
-3.379478138043622015e-02
-1.543535585749471195e-02
-5.317212126407376560e-02
-5.302557663837219326e-02
-1.204707335149139136e-01
1.053852187587860784e-02
2.738734407052995090e-02
6.758039206854933589e-02
-2.926545033829981018e-02
2.446869751337350796e-02
1.002210006290896460e-01
-3.487562576614804122e-02
-1.451893406834726952e-02
-1.084613965623057452e-02
-3.643677614976262302e-04
6.163789316242590521e-03
7.095269710729185109e-03
3.544048937576053937e-02
6.539093228488529475e-02
5.610861098011714343e-02
3.811112054928102177e-04
2.859895738140265375e-02
2.383126757047552419e-02
-4.019441908245854900e-02
1.926725095710343783e-02
5.663668906723692831e-03
-4.244143032736263921e-04
5.391228005622137470e-02
-3.700256501020953576e-02
2.533341973851130358e-02
-3.761279345844688315e-02
-1.512854373372481132e-02
3.630900812135516575e-02
1.309332963693635166e-03
1.511597787370112800e-02
1.921846198171725528e-02
-2.734506919952504889e-02
8.132153280321408051e-03
1.440317815139136037e-02
1.532954189425805164e-02
6.140412904235679342e-02
1.775976188969174974e-02
3.387732701236322724e-02
1.044474899350681663e-01
1.702826041452429329e-02
4.769714688147782405e-02
4.295702693536920802e-02
-1.126663390743309900e-02
-1.084638625297082853e-01
3.643970321594858230e-04
2.802040751294528759e-02
-2.606419978732246040e-02
4.119122896789118027e-03
-3.561733700625614729e-02
-9.544797098651108813e-03
1.083004355720831174e-02
3.903964911714395691e-02
9.637199557540734873e-03
-3.112043651698596924e-02
1.974369288888609686e-02
-5.973173563353711968e-02
-5.327790314105429470e-02
5.240523458077642194e-03
-1.101290427710024250e-02
-1.217893020573186658e-02
1.261469670935180809e-02
2.091409517203002277e-02
-2.438240937264619240e-02
-2.255196412145615142e-02
2.642078414847612300e-02
1.248239632837979535e-02
-4.700353315053878295e-02
-2.872256626003558827e-02
7.804066774340492896e-02
1.545990475135723685e-02
1.876294506276053597e-02
2.956690773448686360e-02
3.812553686026621397e-02
-1.719780130703174592e-02
-1.731832571743467664e-03
4.697511350312592177e-02
2.683763948527002896e-02
-6.583714883847845145e-02
1.827345762072782320e-02
1.005647953376672815e-01
9.960160380390027657e-02
-2.684591530098157791e-02
3.106233800783050891e-03
-1.899879793274594775e-02
-4.441431163281197442e-02
-7.035269336814344021e-02
-1.781296230769506550e-02
1.655379841700151816e-02
3.239511114337860487e-02
-1.668674513151297001e-02
1.437639939285118018e-02
2.010683546459653831e-02
5.982749104992230588e-02
-1.087378307491006224e-02
-6.800768411968026450e-02
8.506727164987171186e-02
-8.208873480343298334e-04
4.505634956019535786e-02
-1.538824824569595684e-02
1.484034356795824183e-03
-8.519821568208102436e-03
-3.206188775373085276e-02
6.697818498929550279e-02
-6.227338959895379472e-02
-2.088368570023350912e-02
9.334808732229284145e-03
-1.197102294224486330e-02
6.626717213700117348e-02
-9.085194233257584684e-03
4.460507886064058597e-02
6.637239527651614401e-02
1.496457558339036459e-02
3.284798453722653083e-02
-6.618226722097414472e-03
-4.636123296420585627e-02
6.258433987884610972e-02
-2.788261009408998792e-02
-1.026629326084278759e-02
1.122670782286187136e-02
1.641209341828711588e-02
-1.201112276320220884e-03
1.008887167346468605e-02
4.856693420657798993e-02
1.176459331819808968e-02
2.086576955796792809e-02
-7.530970879089715631e-03
2.618595574118563751e-02
-4.471148877417357309e-02
-4.846601677674218511e-02
-7.425772000838581910e-02
-1.331721526399592959e-02
6.404053253186053896e-02
-1.955972408482413438e-02
2.886756469008351644e-02
4.227884962745703801e-02
2.591003764106604434e-02
5.119467290273339855e-02
-1.932529761063501994e-02
-7.952711121918115689e-04
-7.398454538495420618e-02
1.711829503733922758e-02
3.205255191228696676e-02
-3.542962837680906085e-02
-1.546554666646700327e-02
2.794313987825104706e-02
-2.113656395664315762e-02
-5.125214042705840412e-02
3.956932253862290028e-02
-7.170219830029703201e-02
9.177334880778507953e-03
6.831243553205196273e-02
-5.364219582406308529e-02
4.646589186665164850e-02
2.733071076336773819e-02
-3.387690232227962006e-02
-4.896009298945277338e-02
3.643697274673977915e-02
-2.172806605704241667e-02
7.502134385533468230e-02
-8.191406614228308181e-02
1.479549291361403895e-02
1.650367578164174329e-02
3.103122940464417279e-02
2.127727629732673043e-02
-3.628167420805089582e-02
-1.415467561196288859e-02
5.055065010694078514e-02
-1.422275166860521856e-02
2.704283914078638162e-02
-2.675857504294705536e-02
2.817012903361892917e-03
-5.095734988243921793e-03
3.919039552135530902e-03
-2.859507450309872745e-02
-4.248133981288695904e-02
6.293264094205511250e-02
5.183163080805602146e-02
-7.774798642652730463e-02
-1.127945315355249889e-02
1.404033029616551242e-02
6.306370680873243928e-02
-5.992977366372188863e-02
-3.857211481523733360e-02
6.478919355419887616e-04
-1.464607812760089500e-02
-4.792993995811669489e-02
7.793483441211904172e-03
6.607687008146498342e-03
-3.373982333630780317e-02
-3.446705020804046588e-02
1.393793616703404431e-02
1.883629837710312782e-02
-1.130460177691858248e-02
-7.413411455032881126e-03
-1.162449557612763029e-02
3.557150120775726121e-02
-2.831162278676133126e-02
3.236845365374181605e-02
4.225712994182164589e-02
-2.137010098753201748e-02
1.077948657124127296e-01
-1.654597016234338885e-02
3.609363552079558612e-02
-3.553746466637924817e-02
-1.542610196332347416e-02
-4.216986900972339442e-02
-4.231631717591329001e-02
4.990536066375615698e-02
-3.082212903721637948e-02
1.173686941047797500e-02
2.069443542576376860e-04
-2.850724940499732921e-02
-1.244163890420924012e-05
-6.519892338465443915e-02
-1.975109451208467704e-02
-2.249430525339524145e-02
-4.331616258533649289e-03
2.088715869791299418e-02
-2.725058456155653175e-02
6.025943091271059038e-02
-2.889418082258028014e-02
5.971617309432263737e-02
1.233692045195525222e-02
-1.409548288903041124e-02
2.041727176310895175e-02
-6.412723614327806021e-03
-9.646050001588107881e-03
-1.105390874126318396e-02
-3.839605861433118689e-02
-3.955721156526326165e-02
-5.162076705783025937e-02
4.174276129199372409e-02
-4.370615035105557961e-02
3.377268424093123056e-02
-3.064023303071376769e-02
5.100041737127192221e-03
-3.340089479151218954e-02
4.056237061086959139e-03
-2.764193483422081044e-02
7.705888170497113276e-02
2.157446275950478110e-02
-5.071749832311735207e-02
-3.012500952881455585e-02
5.658055173273097982e-02
3.322601939920219460e-03
-5.717923679148619043e-02
-1.043602759115028755e-01
1.355390912533709080e-02
4.430049506214663035e-02
2.761475517832838456e-02
6.750952367465176684e-02
4.882665502542528346e-02
2.170447096240389617e-02
6.111700141395091934e-02
-4.706703231104752971e-03
4.730304318590074220e-02
8.253859766836459111e-02
2.082867731535774369e-02
-8.270874373078027086e-02
