1.129714579275209810e-02
2.248094090754569965e-02
4.610252865465404304e-02
9.187394894390076006e-02
-6.542108481724126512e-02
1.822710446099600201e-01
8.071065149253379978e-02
-3.224846826446373105e-02
2.720651085363825356e-02
7.326394530213869993e-02
6.144631214206205949e-02
7.455693693970429081e-03
9.734031556841479804e-02
4.826533219992634044e-02
1.063775265486963106e-01
6.987382021761603945e-02
1.302390150821630399e-01
6.322956022335100845e-02
1.388975470808540558e-01
1.040662599888807910e-01
-6.225262028592733199e-02
7.012531554779428966e-02
5.016172004443250620e-02
8.176752077956923881e-02
8.281942705246495007e-02
1.356778013720470744e-01
1.074173506509487480e-01
7.342398671798680554e-02
1.044662385567499407e-01
1.190456585502163989e-01
1.007546690910660347e-01
6.414999315035559146e-02
8.859824422909724773e-02
7.442685157717210398e-02
1.678519463852803650e-01
1.664921537451545253e-01
5.024706282063651219e-02
1.248217261768169439e-01
1.095799550788070092e-01
7.169518622223894355e-02
1.455054996447474602e-02
3.088748690326377500e-02
1.322416576051392567e-02
5.106937207616719238e-02
1.533423726288653810e-01
2.889593566598862642e-02
9.065152169689701112e-02
3.520474139534453262e-02
1.291797136703601856e-01
1.341625261554302284e-01
1.412336500586909294e-01
1.305398884175150154e-01
1.006736347569695544e-01
8.875659701542140678e-02
1.397098482670701691e-01
1.453306251429126728e-01
3.758444581734696199e-02
2.852818457432882218e-02
7.177276531268955706e-02
9.393782236541312058e-02
1.386014139941380008e-01
1.142660645582218581e-01
1.304161980500889717e-01
1.091354204767954056e-01
1.552482214669642091e-01
1.156341635700988690e-01
7.212764686548368831e-02
1.480071536665373555e-01
2.061001805985580165e-02
1.210642983378572290e-01
4.408939541804207662e-02
3.368524926218293553e-02
4.409078945975183211e-02
9.174938863072912287e-02
2.814767676500243981e-02
1.771582000152948921e-01
1.014797091612561764e-01
4.738830506261663272e-02
1.699325188587741398e-02
1.198873641853691607e-01
1.088862517070068869e-01
2.793858687012246156e-02
6.289576964733195608e-02
3.432408431634561413e-02
2.199337825695498946e-02
1.043499396847223093e-01
1.344038229102214321e-01
5.808682003643235447e-02
-2.895510766330562646e-02
1.056822101982768242e-01
4.103406114828370144e-02
1.235857680808642584e-01
7.620855799053660729e-02
1.415932544913786062e-01
8.232470635067408449e-02
5.404954215693198727e-02
1.664401386954846851e-01
9.187298525490614209e-02
2.256552564634624336e-02
7.294355513104605615e-02
3.214895152891093788e-02
6.667401424756663753e-02
5.842786720973214276e-02
1.218344409415949292e-01
1.411137641573863566e-01
1.431274917076137965e-01
7.981488831048022536e-02
9.881049350532450370e-02
8.449462751009353956e-02
8.574168759306562138e-02
1.587836727628505473e-01
1.426521775883383969e-01
9.120893052074724450e-02
1.037354337555975031e-01
1.002848459876263948e-01
1.184682992192329504e-01
3.074652374839034058e-02
1.269809703813500612e-01
-3.529237030026580180e-02
4.174959614917033573e-02
5.330044415055475854e-02
7.393366532345591047e-02
7.582187427493830567e-02
6.802524344099732112e-02
8.082874219106520042e-02
1.762758888638846777e-01
9.399212667625170270e-02
1.454236354865347802e-01
1.040273472041211289e-01
8.116561147351285255e-02
6.222142646653253811e-02
8.250206488105953084e-02
1.143056236187025843e-01
1.446287462123821421e-01
7.311708270103951801e-02
1.143423573495876006e-01
4.573455521222041104e-02
9.225761089727854691e-02
1.318137317159951971e-01
1.063045308307487002e-01
6.972588929798834156e-02
2.843914233782470283e-02
-7.361007560732473615e-03
6.709489772543608677e-02
7.843046677099987929e-02
1.127347510652067369e-01
8.268138169378194680e-02
1.318830343401719563e-01
7.644872868656504838e-02
1.404025600040502697e-01
1.176792782425390010e-01
1.981356935240033701e-01
1.317166199836558860e-01
1.070358277339764075e-01
7.995686213295159772e-02
1.388727918655459637e-01
6.497714397386221419e-02
2.971388306178967750e-02
2.663018351618649110e-02
7.218591443082045256e-02
1.090602913871717983e-01
3.158795674022756017e-02
1.489089214049219012e-01
7.052310943096869178e-02
3.774793493763842905e-02
1.404187547675185832e-01
3.767114081761385735e-02
1.320454881816782722e-01
7.619166215375840212e-02
6.170664260315401189e-02
6.024411605038292733e-02
4.911591913769510626e-02
7.249294255734349546e-02
1.334251822493690010e-01
1.702964303447394856e-01
3.611731226946279794e-02
8.364212878626287040e-02
5.711861537670011313e-02
6.235780976921519170e-02
1.219345576517482932e-01
1.052252001741405679e-01
1.162906864156257603e-01
1.763187181198618003e-03
1.593487984527183210e-01
7.830146990669167861e-02
1.205472228997545581e-01
9.739055532340792909e-02
2.808580656966226663e-02
9.522741014924300529e-02
1.056973139471954343e-01
7.359975832103231308e-02
1.427485386580510940e-01
1.090744070177765424e-01
1.312325229962404416e-01
5.808518993316286183e-02
6.343965657693123594e-02
7.446310527357764830e-02
8.965580593687011435e-02
1.002685990380843828e-01
1.148778335695191388e-01
2.782071921249001933e-02
8.162092448197464517e-03
4.446618600564653662e-02
4.840954490027210566e-02
4.286381004307876497e-02
3.413673895592817670e-03
1.106826163790300549e-01
5.232071182244759505e-02
3.872732225804231820e-02
3.711472706873438637e-02
6.804490925417343294e-02
1.319610626421554578e-01
4.494741858597078171e-02
6.944231113582852166e-02
1.334224688464807629e-01
9.541041562836961865e-02
3.872159117500126313e-02
1.277016575926503139e-01
7.128119411644331938e-02
4.063472561924509618e-02
3.847175189939358586e-02
1.188524441791686259e-01
1.057624670601845229e-01
8.685933927533928678e-02
6.712202251416393706e-02
2.275758130615780639e-02
1.326705789410680403e-01
1.492880613150085467e-01
7.999344651988180011e-02
1.182739404820392082e-01
5.248998184840934778e-02
1.252362801269034098e-01
8.868450099675730114e-02
4.563943895186163557e-02
1.045753441543863238e-01
1.010364049350279264e-01
7.449494337967695057e-02
9.052254109976337615e-02
4.462161479393232655e-02
1.463899559863141575e-01
1.018452191105840149e-01
7.637091687953051489e-02
1.733532205659177039e-01
5.910127063736242414e-02
-3.101100408818086018e-03
1.142923092204387175e-01
1.705205425119280804e-01
1.600777802667714689e-02
6.921577150434249370e-02
8.972540694240487003e-02
8.919278287239310044e-02
1.223323176820865776e-01
2.841055894888728367e-02
8.483195625322337285e-02
1.997261833705374912e-01
1.003882257952402046e-01
1.093637194129117446e-01
7.410737219693394606e-02
1.526999896437058746e-01
4.254593558551068161e-02
1.801377122284222865e-02
7.911696542018671618e-02
4.354848597654833314e-02
7.680661610063881095e-02
1.075178282201407765e-01
5.879103132305393831e-02
1.192194231923680570e-01
1.095196704243225350e-01
6.603315118621239099e-02
5.630903307378437583e-02
4.349651263868632711e-02
8.391659823581559818e-02
8.939369192520016383e-02
2.157384925870153847e-02
1.222017861835884012e-01
3.258974020673330307e-02
5.754048850896122114e-02
6.675440302833973716e-02
6.373676765103558628e-02
1.050669854777200596e-01
4.618827340735996018e-02
1.367154701824479512e-01
9.970789024894811947e-02
1.265665665803951678e-01
7.653690037329906326e-02
1.441743202174576022e-01
8.112657892441708929e-02
6.872156750274083237e-02
8.060969102570018918e-02
7.628659158760096870e-02
7.907339199552798625e-02
9.211090566901712628e-02
9.223549076945120051e-02
1.086315681389262294e-01
1.538854191834321539e-01
9.308809332743445131e-02
1.062176687281602416e-01
2.228472000499413797e-02
1.009625714383238504e-01
1.579484705968139668e-01
5.028124694736431366e-02
6.785526695415412812e-03
1.141795655059715531e-01
1.056837375285327313e-01
5.966717183409389613e-02
9.728663291700198612e-02
1.063511337253668886e-02
1.077936796827806409e-01
9.787142961107536676e-02
1.589697083686248402e-01
5.946358003399018072e-02
7.648300215701131499e-02
6.969439426954091021e-02
8.398944835071307791e-02
5.916703124619734910e-02
3.633849507758846187e-02
2.023613438933764830e-02
7.376270125334810634e-02
6.351484925832889816e-02
-3.599579423360001196e-02
1.261765691708841008e-01
1.596809996618748229e-01
1.161904960675823606e-01
6.761720385169296688e-02
9.792653258138853123e-02
9.294305719529893928e-02
-3.127457988346261930e-02
1.338193425387343080e-03
8.280705026050251549e-02
7.031112917922760497e-02
1.131771632710528719e-01
1.465843193015339829e-01
4.956215714016537488e-02
1.978854685883653375e-02
3.255316413849668189e-02
-1.077395726121634263e-02
1.830683733747103248e-01
6.595879944696164676e-02
1.267038189446045848e-01
5.943290424211732786e-02
1.195164419294473118e-01
1.177607253370451662e-01
1.313715715491701186e-01
4.117970590750810733e-02
1.042986972095651110e-01
1.133106428203897592e-01
8.109904272735460329e-02
1.176851133694983564e-01
2.014011100149126210e-01
4.520023779621596544e-02
1.021342479606800469e-01
8.563784817033631702e-02
1.247625340530076343e-01
3.717922088688559168e-02
1.157687409769679460e-01
-3.949402274141110281e-03
1.000712565972743662e-01
1.326908496691217021e-01
1.714417378633827371e-01
5.598117437166821864e-02
1.389533594018906026e-01
9.089515473809901824e-02
1.838417848862815285e-01
9.444688067230674888e-02
9.801312478691676100e-02
6.786002528953530288e-02
1.233788225205217637e-01
8.480887837466469237e-02
1.079607632852434967e-01
2.799235117984835014e-02
5.626758614209333154e-02
8.292728892522409356e-02
1.014168892082480261e-01
6.302310023881430023e-02
1.014149219766162513e-01
8.525784982635968567e-02
4.675513600272442755e-02
1.030163445849329173e-01
4.453910091223550749e-02
5.785460569742622433e-02
2.152162022015323417e-02
9.695101366763857198e-02
1.111473167863651634e-01
1.305363966359508743e-01
3.543378736022054221e-02
5.950030574627742513e-02
7.865017676962543502e-02
1.060972799960369084e-01
6.947097826925253961e-02
7.437401341377862518e-02
4.683751785379435678e-02
1.281386036624138913e-01
6.664910701383874869e-02
8.667007319536561283e-02
1.009129884903258445e-01
9.259671942081984519e-02
5.515844828295309032e-02
1.918749176030335457e-01
8.013761942946158456e-02
1.062139501733532498e-01
9.455624209974158867e-02
1.069595356696616262e-01
8.601638617241681717e-02
9.673709688820977814e-02
1.148687810918568031e-02
1.203559469570932433e-01
-2.135621662117362721e-02
3.112913910612177815e-02
5.250655928015648954e-02
4.401942877625894535e-02
1.386684951671235955e-01
1.286941727414187553e-01
1.053740948915381781e-01
9.681949762758346179e-02
1.590107155937352801e-01
7.569956720581275111e-02
3.923233430478859779e-02
4.223222596756427694e-03
5.865915496487616315e-02
9.115733218469940224e-02
1.132268554092241003e-01
8.610236147472251356e-02
8.667563849480816596e-02
1.090993468298365188e-01
-2.659138849508472374e-02
-4.553313493155165814e-03
3.953974146662117550e-02
1.172121001331159068e-01
1.217867767840497273e-01
3.442634348754641110e-02
7.035480230781995803e-02
1.299424000990310191e-01
6.691115304415115594e-02
3.934444533330192645e-02
8.102950123157107165e-02
1.055422227716683592e-01
1.012062691767776496e-01
4.462345509728062043e-02
8.283464086095412848e-02
1.591210058598062083e-01
2.564590021903227421e-02
1.121965060054450625e-01
1.064863669810192370e-01
5.242474467878840971e-02
-7.476442165535113205e-03
3.281419468146903884e-02
-4.925271009762685614e-03
2.221399698891087307e-02
1.974227328937961171e-02
4.934383843298226213e-02
9.770651390248727419e-02
5.726559366032579063e-02
8.881339167655165345e-02
1.203810753326350069e-01
1.155423046795944209e-01
7.750654770621748235e-02
1.224819001710908406e-01
1.176087319974709056e-01
7.812137576836361563e-02
1.215269233467238252e-01
1.165171234986327048e-01
5.824239984986981367e-02
5.390724370174439228e-02
8.269865324335072543e-02
8.144011441914923710e-02
7.496498054345018813e-02
4.551386932162044402e-02
6.869376396330854895e-02
6.793408623685237568e-02
1.392225026149234712e-01
1.922674228533213237e-01
6.497955011410772030e-02
9.260389915298250507e-02
6.839344615313007469e-02
8.036726114093542539e-02
8.495129402676558639e-02
9.014980806571623595e-02
1.791053320479046584e-01
3.684213931570810147e-02
1.110228137438993429e-02
8.800927428152106879e-02
1.075079524589069857e-01
7.377017008979463997e-02
1.491496060701382742e-01
1.343651096135433654e-01
8.441005302335172211e-02
7.989380609089408170e-02
1.115342835663081372e-01
6.734195588905739216e-02
9.600921875705703545e-02
1.092653627596310850e-01
9.115509910332529608e-02
8.498744488407812547e-02
1.761109277216187929e-01
5.937369713437687380e-02
1.205270276794598583e-01
2.949301382922026038e-02
9.298847953400955768e-02
8.234215379298952253e-02
7.008853252582583626e-02
2.997192829754548316e-02
8.057865330089626632e-02
9.950934308511766302e-02
4.400491401301641348e-02
1.083759685489754099e-01
8.974544499470657466e-02
6.181523788814102804e-02
9.547609465964582154e-02
5.422372942558635611e-02
1.259905233705908012e-01
9.199599159785100400e-02
1.036314655650241584e-01
1.390368781900146178e-01
7.810287559394367418e-02
5.169769076131486285e-02
7.999121580481032001e-02
3.049777080210661073e-02
1.019688458663088257e-02
6.037323670107578449e-02
-2.808924899221812432e-02
8.233770147953106688e-02
5.266959619498239736e-02
1.133759115811362045e-02
6.289418539292536414e-02
1.923389195993353840e-02
1.048939282321668665e-01
1.115409652442629629e-01
1.307781293322124727e-01
7.382318150071971730e-02
5.085561021502570112e-02
5.396711800930332342e-02
5.270076267950209170e-02
5.943663460195496018e-02
8.805904086751514814e-02
1.423477969958537037e-01
-1.162441623618198222e-02
1.226407155390622228e-01
1.276784650367957796e-01
3.973774319095343260e-03
1.377754911078887812e-01
8.805229170832985786e-02
-2.143167049019057205e-02
9.142063589923687950e-02
9.155701829986183371e-02
5.580248412037790151e-02
9.331996927626742822e-02
8.512398652880374950e-02
5.815197273334810069e-02
9.155469175659178283e-02
4.321948604058311466e-02
6.350758237295284214e-02
5.015213040868429784e-02
1.323899005925531780e-01
3.980161767642069470e-02
5.432850326154860243e-02
1.513279014289306557e-01
5.898243200435780709e-02
9.012612600330485724e-02
8.986522214332001712e-02
1.039277426905334534e-01
5.613869718799956859e-02
1.188493981053611870e-01
1.834807464877402650e-01
6.841710415875838780e-02
8.457707349957201137e-02
8.561714708384944583e-02
2.482458260143283191e-02
1.046216876480277475e-01
-2.055668996976345309e-02
8.783650084841024275e-02
7.038979501256514837e-02
1.224418321259480580e-01
9.577771268946945471e-02
-1.099518284097653412e-02
1.526064414931603830e-01
6.724236388838586431e-02
9.858251139544756125e-02
6.141192119673775235e-02
6.192891679934277305e-02
7.956112368059459206e-02
1.060886693041304674e-01
1.297833884511427616e-01
1.214433072999475949e-01
1.497281798496629956e-01
2.031520720762285820e-02
1.192124067711392982e-01
6.092741920238274600e-02
9.983034805287151203e-02
1.682135487309847355e-01
1.052900215772399756e-01
6.887900513481413911e-02
5.427626599431687598e-02
6.510355055930418244e-02
1.381951457103505754e-01
1.098419956002137515e-01
2.954917828647210185e-02
1.340497533351665549e-01
1.067049963411466768e-01
1.780341866306058562e-01
1.191029978386482779e-01
1.325779493787481444e-01
5.582382879673309511e-02
4.663419020799998427e-02
9.649076059309164011e-02
6.655456083727229188e-02
3.830359152803407968e-02
1.436190855868907379e-01
1.439316393075128486e-01
7.190556335375281050e-02
5.337788989320384203e-02
1.722527652833185097e-01
4.312896556365655026e-02
9.376926721099619610e-02
4.274889497629282692e-02
1.326633554354174627e-01
1.010962225296861694e-01
8.956256466039770603e-02
6.497336895692321090e-02
1.346463361032005090e-01
3.067534392097075180e-02
7.237364728513751011e-02
6.486988172449043022e-02
6.977264087447557217e-02
3.619772353664604814e-03
1.368696177236981004e-01
7.762780769468569098e-03
3.757098928930589776e-02
1.619309557144311684e-01
9.469058679128586342e-02
3.359047887373368263e-02
9.799717178699635101e-02
7.855635503166508160e-02
8.822693458427229019e-02
1.299478565225671567e-01
6.236978789696748932e-02
5.840957574307454464e-02
1.025282521019022508e-01
2.054527333213622409e-02
1.002812176261281552e-01
1.047009674098747511e-01
1.202756538947871018e-01
8.233643658299526213e-02
4.515304268329356496e-02
7.543378902586009294e-02
1.077442147724809451e-01
7.499993192616671855e-02
1.681377196272356711e-01
5.889685348969644907e-02
8.861790009806048973e-02
1.848961541153991417e-02
9.002948117678022388e-02
9.796055637517964154e-02
1.108371590988037614e-01
1.011365129900574089e-01
1.181338622803150135e-01
6.600918916311619700e-02
1.974737390403082937e-01
5.086882233893770533e-02
7.946524926792675192e-02
8.464778187855653835e-03
4.824548345618810685e-02
6.495038638255005992e-02
1.272009855873971196e-01
1.430315187908536290e-01
1.330314962071413309e-01
6.274482941778271317e-02
1.345156525078161913e-01
8.660844255520058765e-02
1.187400571117676884e-01
9.356580685294688116e-02
1.271596748933563337e-01
7.198309723990198306e-02
5.750247514958903988e-02
6.645779333679061041e-02
9.735209989924428764e-02
7.768716346780950299e-02
1.202970897343478979e-01
-1.823564074101620414e-03
8.494333566108357159e-02
1.104948884858796831e-01
3.469139206430194022e-02
4.171339311001982797e-02
1.443305383695404898e-01
2.597287189645688249e-02
7.017081641671832348e-02
1.872483296693659149e-01
7.430669995239874703e-02
2.071396408685258761e-01
8.608197897485474204e-02
7.224970186095744373e-02
6.908641053774491891e-04
2.542889334309458849e-02
8.864979960814936555e-02
5.249565794263069685e-02
1.314175294320934773e-01
1.221796900815551312e-01
4.825906745045433627e-02
7.828378003810029795e-02
7.433364938216112383e-02
1.450673952977785952e-01
7.467541902708391133e-02
9.439463245022541860e-02
1.956621721899673080e-02
8.566669489792802517e-02
8.051686656652776164e-02
1.090128381005824459e-01
8.037544188307006732e-02
1.226228903755380850e-01
1.234852135782310151e-01
-1.095037466693351558e-01
-2.921731114576687355e-02
1.060946186717057760e-01
5.446279510732450480e-02
1.309470294951126101e-01
3.477907498021299421e-02
8.011253619082367439e-02
7.559670461827569521e-02
9.920223298116093158e-02
4.529179755822539122e-02
4.115736992633238500e-02
4.052614357228498387e-02
1.751829529463495849e-02
6.142093255803570545e-02
2.144063281206563115e-02
1.694923672531440106e-01
1.041814000722942612e-01
3.007806353724249912e-02
3.135197582774131020e-02
1.136098387993923486e-01
9.620980141342896919e-02
6.590715452629296311e-02
3.508716814404719969e-02
3.014804230756840814e-02
1.095567918604870017e-01
7.246930582727589831e-02
1.306061022124698767e-01
2.111772909390625258e-02
9.312964135426624046e-02
8.160378364749723556e-02
1.524845722773690571e-01
8.864479453471563186e-02
6.587149881528833739e-02
1.282354419979393756e-01
1.076673698445021199e-01
2.832814576482909491e-02
1.065506775165010467e-01
2.195657980900355133e-01
8.635543770191697610e-02
1.173295921388201740e-01
9.100790689833229696e-02
6.949486593309808780e-02
9.033457355380740406e-02
3.779050986829436687e-02
9.101540073596491032e-02
6.954969182708217734e-02
4.815156216928049432e-02
1.364231008356454333e-01
7.352671425808368633e-02
1.807439959832170540e-01
1.176375667305197964e-01
8.457234585879538913e-02
2.454730095147670405e-02
1.269430212470022967e-01
7.112580815259081368e-02
1.122978971971676371e-01
7.612780489577819498e-02
-1.707562634485127948e-02
-1.332330324187750922e-02
4.260884462454855859e-02
4.041515071786156571e-02
4.927646250583554710e-02
-7.992608245184093518e-03
1.238278678674995525e-01
-1.532048891942479688e-02
1.564458189611121763e-01
3.593189161510439850e-02
1.705162706057938016e-01
6.785104613514680860e-02
1.831331850173079090e-02
9.627077594697025509e-02
6.275673711975128521e-02
3.929211570837064238e-02
1.299427307594900327e-01
5.595342070351186359e-02
6.970522287279162787e-02
1.203800712637554116e-01
5.626322702204548248e-02
5.852799930592950117e-02
1.458021320971746859e-01
8.921650161642086241e-02
-7.883265394211282084e-03
1.048382783382684758e-01
4.195653681459429046e-02
1.098836549658653849e-01
8.048651903589348899e-02
1.139039113116130930e-01
1.247289864825635863e-01
4.181643730411147009e-03
7.106746702042934793e-02
8.879296552442406121e-02
9.253175077999926945e-02
1.630220680301610325e-01
4.104897634845151161e-02
7.832721759508384785e-02
1.303124948401022387e-01
1.512686410848458618e-01
2.362910251935906869e-01
2.167833110170247490e-02
9.816821800522475272e-02
7.230025219063618280e-02
3.642189365065248707e-02
1.097264705707770016e-01
1.626706810991439545e-01
7.458102358159497680e-02
4.532702326867391052e-02
3.662892388245065495e-02
9.184708971455596282e-02
1.374217855166907643e-01
1.002533980196178426e-01
1.608829913597258077e-01
1.058349509782107872e-01
4.338374556554795702e-02
1.068026004170033738e-01
1.132400247198796783e-01
4.879025684870244572e-02
8.290743943931472293e-02
6.182151274304134581e-02
7.837376370603602038e-02
1.256163529142821089e-01
5.632048819516419225e-02
1.131300911657014407e-01
2.713057727872866115e-02
9.538603487771027400e-02
1.030415000687505689e-01
7.967692230413139787e-02
-6.246255334447935875e-02
1.658938028423018740e-01
7.129860949299771100e-02
1.604486256153412130e-02
2.873731179309409883e-02
9.166438533078095918e-02
7.720660286346243961e-02
7.933279219068543886e-02
1.222627259198955929e-01
-8.440935996694518689e-04
7.449380460179530483e-02
5.200426532883417607e-02
6.186167498522472663e-02
8.782629779096344513e-02
4.475304876340902016e-02
1.212546323793926573e-01
6.146718090474624641e-02
1.417868133398181296e-01
4.047929913296952065e-02
6.812269944799062560e-02
1.055459310009549956e-01
5.041646183323918173e-02
-2.208436188344526513e-02
8.518214616420309582e-02
1.305405384073480279e-01
1.192822839612653757e-01
3.657607540017865366e-02
3.889520683535096363e-02
4.505423513145671160e-02
6.177702304649580756e-02
1.142460942739395163e-01
1.118857620559472466e-01
7.930582475013324417e-02
5.142322896886526717e-02
5.360525896264792950e-02
5.141324089410964637e-02
8.058049754948042043e-02
1.588086494102228241e-01
7.156092518085702125e-02
6.747391887780229691e-02
6.165369282189425010e-02
3.849218686634789388e-02
8.853567630218012185e-02
9.815886166400634993e-02
8.329798002081692521e-02
4.416031451579122136e-02
1.831122707931423510e-02
1.139420514549040891e-01
7.705067299829795879e-02
5.165655044861230949e-02
4.775899460748911363e-02
1.113861805505586833e-01
1.533094414125343585e-01
1.110195646674626280e-01
-5.008879313048425486e-02
4.085607267466059844e-02
4.122674423615234340e-02
9.113003004587003075e-02
8.145400537405689256e-02
1.448508938201274743e-03
1.273823747131196393e-01
7.090069266318138608e-02
1.457287163118892170e-01
4.438371949950191409e-02
7.993884153245098267e-02
8.681156921310273500e-02
1.135510158637055012e-01
1.223859768539166532e-01
1.387257584159306556e-01
6.363625764154667852e-02
1.398191065287316681e-01
7.779181866664459932e-02
5.415834094019925798e-02
9.556415490028311033e-02
7.726056530934635042e-03
9.323192851962468219e-02
-1.104631809709591406e-02
1.316945102602011253e-01
6.666506517440810853e-02
1.046879232660433839e-01
2.902012495391378608e-02
5.746594766370802243e-02
9.725088017737429369e-02
4.201414201105230228e-02
7.756983953658688757e-02
1.166335562655443359e-01
8.028792812587424998e-02
5.069156503982142487e-03
7.654502590768962056e-02
8.241080604736512188e-03
7.450983551106747649e-02
1.488855599455019274e-01
7.504235748450387156e-02
6.968614182377512456e-02
1.221793731910433417e-01
-5.466255590628144728e-02
9.768447373318937810e-02
7.532594153733017384e-02
4.939850307848395877e-02
6.095605385631632650e-02
1.467123330734331488e-01
5.303770459229792400e-02
1.797528686243105023e-01
1.640361645240297900e-02
3.238951066870305456e-02
1.139393504543280838e-01
1.253241838458016566e-01
7.361081658472998224e-02
7.851584079155667084e-02
1.514487184734341629e-01
1.006559166181450193e-01
1.111970015886838553e-01
2.329704358962873118e-02
8.313646258858810312e-03
1.878114029230236737e-01
1.106345939707322895e-01
2.907406989618127602e-02
8.182205341848607094e-02
1.148237776361563933e-01
4.871842789109002980e-02
5.520134687989953354e-02
1.043884520195557802e-01
5.209664490313802021e-02
7.040345483133735038e-02
1.234745145941680000e-01
3.420475483226696062e-02
8.660826004128061029e-02
1.071479950975684076e-01
9.564183092203014380e-02
5.428330448201554997e-02
1.021943542088035589e-01
9.865605079930836463e-02
9.044135678216716490e-02
1.107589726096703531e-01
1.400119463092031891e-01
1.143733827843367024e-02
9.344576706274027034e-02
8.087093145227114421e-02
6.928934270680314755e-02
2.301901375423049539e-02
3.695879531978658872e-02
4.280795425201949778e-02
9.184858758652253430e-02
5.176045929574202287e-02
6.122432246143034995e-02
1.316723112831281739e-01
4.523133718129622449e-02
4.685255937124927633e-02
1.758675814583183228e-01
1.149929222139799700e-01
1.083719264306241825e-01
3.400871693996670997e-02
6.626364465796080738e-02
4.218700222600969829e-02
-9.700393263612025474e-02
9.796092050801788464e-02
1.308391901034013649e-01
8.844761475769652437e-02
1.866408413551287962e-02
8.306076191747237270e-02
2.210529260173352828e-01
1.127405023807825091e-01
-8.914074979737840465e-05
4.536564057885732193e-02
1.039652592487828459e-01
1.150220987877672157e-01
2.136755630443155918e-02
2.743654148380816893e-02
6.562847336401117504e-02
7.634771001905016341e-02
1.078505299549210872e-01
7.223769849219784100e-02
4.103815243450240069e-02
7.964351009115559765e-02
8.477773338009807202e-02
1.121815157251987716e-01
7.050169979368436923e-02
1.042604995360053438e-01
9.712176362263008622e-02
1.200098503634607905e-01
1.327979789677262157e-01
1.488485822957911348e-02
1.196036592155950984e-02
1.598594071638269054e-01
8.405877394153427051e-02
8.090847548814524004e-02
1.026208794780568423e-01
4.801621010445800142e-02
8.561835070854892371e-02
4.609160652296317301e-02
1.173505542906128213e-01
8.130593539354227794e-02
1.044557356430597106e-01
2.896396755971403919e-02
1.221484682061662191e-01
1.382854098680754984e-01
8.849251766514236450e-02
9.390331611753408025e-02
1.362305031384042353e-01
1.357606807140905869e-01
8.145166725591733436e-02
4.915285691580813243e-02
3.530282276547185710e-02
8.123600257035416827e-02
9.602701044209462078e-02
1.002023979228964384e-01
8.523321457329946504e-02
8.003356952811387093e-02
-1.021025734906096105e-02
1.425215105086464484e-01
6.110517564663951046e-02
7.866626984126190436e-02
3.719961962887059770e-02
1.271266041180551809e-01
1.558984355900998042e-01
1.080720719305770239e-01
9.406080085556806081e-02
4.903211191499086408e-02
3.358757187492301954e-02
1.051758911920037814e-01
1.054951521180889640e-01
1.329548412593143866e-02
8.578404790614860276e-02
1.734164904264406670e-01
1.000439665958432339e-01
2.073434788704660303e-02
1.218739274169758358e-01
1.052256558434541411e-01
2.242612709746352739e-02
1.400776993158979189e-01
7.459889676903083688e-02
2.774125844596290330e-02
4.648080926134431218e-02
8.598366029671584976e-02
3.910255325004517030e-02
1.522107219037872050e-01
3.740760101296329576e-02
7.047277455638406574e-02
5.004709551502013742e-03
7.479588646434043309e-02
8.242456265519534919e-02
8.811937639973270453e-02
4.325689269698107520e-02
4.416812703628070214e-02
5.009309205993299485e-02
5.055032850490056434e-02
-3.152726906755463909e-03
1.567144354340797852e-01
8.803962174601552559e-02
1.452306505921059365e-01
7.537653251241943630e-02
2.550175932859204131e-02
1.177710292584048385e-01
1.322683186234667740e-01
1.411771556144974793e-01
1.446289441609332205e-01
4.241295901349044495e-02
8.389252377961164964e-02
-1.095176104762791980e-02
1.151154530549482191e-02
1.441534918977955271e-01
-1.940685649698037363e-02
6.005589433427138690e-02
4.305488971243157104e-02
1.046712017874213141e-01
7.189905774272765948e-02
7.521585440146699719e-02
7.121658650060277984e-02
1.271591594070104192e-01
3.789149637509888618e-02
7.258190406682737961e-02
1.559934754869966578e-01
1.213993971971019797e-01
8.643484766073826486e-02
1.777742556866125645e-01
1.043667260649172174e-01
1.236359244374370392e-01
4.598726622229868527e-02
1.406734668324055304e-01
4.858886794006084253e-02
1.328065904239992268e-01
1.024833924658172940e-01
1.553768282639524934e-01
1.178139832039174079e-01
8.655684229523921691e-02
8.035355454099345207e-02
1.621695141723868694e-01
5.284135025111477701e-02
1.200749255139611504e-01
1.179454868291007763e-01
1.204139462140563083e-01
1.094958797908796994e-01
6.575972036664701204e-02
8.689859722750961635e-02
2.465538665942348939e-02
1.291718782102753149e-01
1.062752511430483937e-01
3.876062236307688258e-02
9.868707337917216604e-02
8.965903977474269648e-02
3.519423542748875700e-02
9.031703071719521247e-03
4.986721540208149950e-02
1.373145309266332326e-01
1.159077422039614114e-01
1.292870166794156395e-01
8.836087060023163631e-02
6.165267052308780887e-02
5.378141044872318532e-02
1.085005589045212604e-02
-5.032349082844569943e-03
9.136347881053931419e-02
6.863664373747480063e-02
6.526644738320909467e-02
5.863168497124315176e-02
1.592129860135271802e-01
2.447514701969114720e-02
1.018631261508194108e-01
6.494144101101118061e-02
6.936712318654217335e-02
1.107070846748801352e-01
3.568286087875237322e-02
7.877189851731473957e-02
3.472730958868559814e-02
1.165875232976985310e-01
4.347395943612886171e-02
1.081498409800569077e-01
1.334283477712506494e-01
1.483545436950743646e-02
3.291342101318967678e-02
6.187130681235454566e-02
1.349231321322265920e-01
8.213514178338343630e-02
5.949131338834425659e-02
1.178254644219910441e-01
-1.723102241855292704e-02
1.648782262260242160e-01
1.625475469296766839e-01
8.907443645985663183e-02
9.527248538721655446e-02
5.872111794582817595e-02
5.158544328633997422e-02
1.161236023371800818e-01
8.718273758183313349e-02
6.976288072755912339e-02
7.360156029605996464e-02
7.473900964231788846e-02
9.706801283978072625e-02
3.056771741263274861e-02
6.542400337715423286e-02
6.585134465938290854e-03
1.706994869006347448e-01
6.087977626990749569e-02
1.036970834193522151e-01
6.649780134134584964e-02
6.188262978036425388e-02
7.464666342738084104e-02
4.167336240920067880e-02
1.453090442068851774e-02
3.978719083104176324e-02
5.879762353311594747e-02
2.046831727068480211e-01
-6.145692447666530056e-02
4.831451420575250122e-02
4.598232442530686415e-02
1.209016768821717241e-01
1.175707645140957464e-01
1.051594178340258257e-01
5.977419528087715705e-02
6.779256367643421433e-02
7.182184014538990635e-02
7.640628607654881277e-02
3.205515268365765474e-02
7.200247305687128285e-02
1.443471193366620553e-01
1.029132919669243779e-01
1.219120233629843592e-01
7.431525264340957393e-02
3.847838443354226201e-02
5.732520906182682341e-02
1.818214108457398559e-01
5.031290809997768232e-02
1.524813735305640128e-01
4.641018725310383508e-02
1.301444843922341388e-01
3.562149534978837490e-02
1.081429993638532427e-01
6.133185053814262100e-02
8.208440125633963136e-02
1.326142041513506120e-01
8.257414380881630822e-02
8.103977498898162768e-02
5.769969240734113686e-02
9.562389448525973612e-02
2.314925717511247955e-02
4.071467681453048992e-02
3.523682111346981838e-02
7.759712740096555428e-02
4.496724893169540965e-02
1.032115376608613022e-01
1.135602476112108072e-01
5.223908769649256850e-02
-5.160361109271474622e-02
6.579453324316580920e-02
-4.512295707711395931e-03
1.447097747726419359e-01
8.064757747498328688e-02
6.378667434950680004e-02
1.109700112243240527e-01
9.467617457068724929e-02
7.423894750912896079e-02
3.356413726134915843e-02
1.055173218685775960e-01
1.989782160108787001e-02
5.110381988843246820e-02
5.130580739251918571e-02
4.330100412237232466e-02
6.385809056496979941e-03
-1.671702064744089167e-03
3.743446665449386840e-02
1.156208013147273644e-01
1.401325388662831295e-01
1.047569887680415424e-01
9.697331627866366544e-02
6.047965481462913573e-02
1.402691314193444394e-01
3.935416449724613019e-02
6.244153704079523359e-02
8.008888589376428335e-03
3.863636960770723550e-02
9.083042802952777384e-02
8.780823938016685259e-02
6.833477573608823241e-02
1.009614250999569945e-01
9.995678091066240167e-02
1.229040398662318428e-01
2.603493744487778150e-02
2.736447027069527360e-02
7.637491257453758731e-02
6.851380993176878209e-02
8.260921637287271801e-02
5.030217908933111437e-02
1.051342512962448739e-01
5.736058218876842474e-02
1.748240768709682924e-01
9.652122365451513974e-02
6.242313275982530607e-02
9.538632464528440380e-02
7.547522629118373627e-02
8.786466047399400792e-02
1.038870672669408857e-01
7.249958419753073369e-02
7.157498453223404278e-02
7.984442165827169979e-02
7.801629893393657866e-02
5.621653174721418650e-02
4.087928353548764271e-02
1.147529222043382757e-01
1.314843044980057996e-01
1.068968608948893673e-01
1.285664809386290464e-01
3.202317006747341932e-02
1.441605425092641335e-01
1.478487104235753358e-01
1.350537731773175099e-01
2.211300863839682496e-02
3.693159137375702505e-02
4.505120125136890391e-02
8.563314639029193098e-02
1.183223043337156832e-01
9.619870124507953757e-02
9.043645850865483782e-02
3.171886456776534802e-02
1.723130932433656892e-01
1.308177252711714006e-02
8.181481749010224847e-02
5.298134654817419215e-02
9.142770958726045838e-02
7.994594998872645020e-02
1.172336481635562755e-01
4.600032821637452252e-02
1.042653781309461070e-01
4.427859960780596710e-02
1.288064658648609417e-01
8.170149462502339366e-02
-4.343736154087188273e-03
7.877015055840985713e-02
1.267063883983796657e-01
7.269709292271948897e-02
-7.151523694719622015e-02
1.900407162802218719e-02
8.367652860157739902e-03
2.753729756950993451e-02
9.281685852250920465e-02
4.714600732650987835e-02
1.039415053500070407e-01
7.889874625545928444e-02
9.154009467462363714e-02
1.295000538452323879e-01
6.830590849831949529e-02
6.194932467626141498e-02
5.389371563551933336e-02
4.385344530165713461e-02
1.225181311754043184e-01
1.637895717178662058e-01
1.082525993499900557e-01
3.030524055551910706e-02
3.323277444992757401e-02
6.549118387947752695e-02
7.220406023305915577e-02
3.941880438089094552e-02
8.534281088732462162e-02
7.703195363592843514e-02
4.330173744369218702e-02
1.397766076964337689e-01
8.667223943017818288e-02
4.943966821869397177e-02
1.057159250064021311e-01
6.076534457523401211e-02
1.310974442311793886e-01
5.191170362723657866e-02
6.446420122841478584e-02
-2.601241300586396715e-02
6.442542299582817988e-02
1.215116025694206181e-01
4.887198078135038259e-02
9.630721503617040158e-02
1.118093787248666815e-01
2.796154987198083350e-02
1.790679203983740198e-02
1.793405798727532585e-01
8.611732106115023433e-02
8.528810510598106021e-02
8.855980658107770465e-02
7.674867275269996181e-02
5.369743523883015179e-02
1.059323794215491638e-01
1.025990454416346592e-01
6.574233477821821159e-02
1.039780607149331099e-01
1.271726282765893445e-01
9.830613119666037347e-02
1.410415107358264364e-01
7.619896417194008120e-02
7.452158555722568356e-02
3.366934866301084239e-02
1.129820940388445993e-01
1.293149483128767652e-01
9.771188306064651496e-02
1.159760622179669687e-01
9.590887626655086873e-02
1.552999421623441345e-01
3.116275226446022992e-02
1.112091459890235112e-01
3.901025566281447754e-02
1.045396959380895663e-01
1.123129765399510926e-01
-6.897947832546713620e-02
2.190724432302997710e-02
1.074646172253091725e-01
1.120718131536292267e-01
4.462224141509151670e-02
5.958211911006643102e-02
1.060205941005386981e-01
1.159182642277916120e-01
5.353440016372822824e-02
8.675580135305839546e-02
7.953863448992247454e-02
1.035893033350374498e-01
4.807663069759077201e-02
1.205199122608734824e-01
3.456108744492576018e-02
1.075300671060869517e-01
8.292935138690926689e-02
2.034446901558157467e-02
9.927985569976750801e-02
5.936954512695952202e-02
4.419891935339512884e-02
9.872336213297172591e-02
8.692811413816661781e-02
1.406767919006469414e-01
6.954349385698896380e-02
6.327814013920174396e-02
5.992424662017055426e-02
3.919714194808356089e-02
1.590351470068010475e-01
5.643869894341720095e-02
8.834215971116943233e-02
8.905926453860948944e-02
5.725001928727947720e-02
5.856242893803785543e-02
5.760775165097067885e-02
1.434729479383264894e-03
1.230799294933516835e-01
2.461363761114057636e-02
2.747007382908625561e-02
4.743459899516858091e-02
1.694980841306013564e-01
1.517873486493724888e-01
3.515335950472549265e-02
7.093647968551874960e-02
1.045941899456559188e-01
3.060569306324707056e-02
5.019953657254290491e-02
6.009639087853165668e-02
3.084355905321540040e-02
8.838318744372863911e-02
2.617538200999594555e-02
1.253741532171964712e-01
1.008651629345416190e-01
1.956368435686521856e-01
9.432080623478643344e-02
4.264197583149342136e-02
6.527970825811552080e-02
9.193740237685715799e-02
5.444157835890988534e-02
9.959089270777689296e-02
2.503218294782272313e-02
5.143467383383484859e-02
-3.094987830465280310e-03
4.539159237479375997e-02
1.209688182014655583e-01
1.094767379543441221e-01
6.188074615123894534e-02
5.257804935282944792e-02
1.368408604894990610e-01
4.402731668348919269e-02
5.973247941785662929e-02
5.029532394966200470e-02
-2.343444699510048579e-02
1.673588398361267049e-02
8.212033554090793219e-02
-5.861719522972652641e-04
9.317857254712454129e-02
4.710316095919704626e-02
9.981262920523729931e-02
1.264255708794631283e-01
5.552910956236516149e-02
9.570881285156598861e-02
5.267005770488400462e-02
-2.742669601123098877e-03
5.251738074151567071e-02
1.482274808543261324e-01
1.202949881507048291e-01
3.526018249664467086e-02
7.308144143170168527e-02
6.735745237440714239e-02
5.636706376950988140e-02
7.225142573822510017e-02
1.200700582564516589e-01
6.289965669899595657e-02
-2.514030224059043625e-02
1.026590678788985578e-01
7.292289233097387635e-02
9.592179249905583016e-02
5.936866920596391844e-02
1.155147235203727307e-01
5.980271192050901075e-02
3.643659136277674349e-02
4.419699185105450262e-02
1.386362900143468524e-01
9.161111306716408775e-02
5.901771499130305937e-02
1.424725439215209222e-01
4.768672276973057178e-02
6.336525118995392503e-02
6.683814772653548508e-02
8.062958299112482630e-02
1.107663436009027474e-01
1.275459189620754830e-01
1.757291808726196836e-02
8.246470538744801737e-02
1.720737971073469930e-01
-4.430102239944599951e-02
3.096421373658162640e-02
1.038714545474929141e-01
9.292795169114088927e-02
8.819758065268612501e-02
5.779168920533719889e-02
7.383882854470948109e-02
2.309095945673890482e-02
8.557867734401322646e-02
8.934754893286223076e-02
2.364222671134059636e-02
1.125455504671166868e-01
7.452351686519953500e-02
4.391353320870583499e-02
7.335371442660848507e-02
-5.440401619539957101e-02
7.781316447373456957e-02
1.443101448836466016e-01
6.365238964459581095e-02
6.744098438339302115e-02
9.948940775459341745e-02
-3.519577274483930152e-02
8.262630595617945217e-02
5.987631515969774054e-02
-2.583493917019649699e-02
8.436137186796399678e-02
5.182243919470819193e-02
1.038588677251648940e-01
4.624217751376841212e-02
1.341938711539027718e-01
5.723300586014973268e-02
8.710669245200441946e-02
6.459720614766509272e-02
1.329751040708413157e-01
1.556024875470619212e-02
1.080526685343842497e-01
4.719883439469735320e-02
1.554122943204640228e-01
-6.398841041488337669e-03
6.107867579362100119e-02
6.722357812331851423e-02
6.907347716783221458e-02
1.001639943614954231e-01
6.742484477934479470e-02
4.366835081138134567e-02
3.149777143564885806e-02
1.119165902714012589e-01
6.565882841723848229e-02
1.055372603732192827e-01
4.564635210159454642e-02
6.132256899224066554e-02
-2.438226787652695432e-02
1.655135931525144322e-01
6.855520779415316679e-02
1.170061327505159954e-01
5.278115410605255242e-02
6.569014375485085488e-02
1.163540000591164886e-01
7.404965712225224095e-02
1.163728248071726618e-01
6.765880410074456841e-02
7.683069613046510093e-02
1.287870380414366522e-01
5.998684755549742176e-02
1.025269849049149501e-01
2.609615224084919916e-03
1.445778007300151449e-02
5.357131809848222209e-02
1.050904007078264923e-01
1.028437216856251529e-01
9.731404917942000632e-02
-1.638287156733363170e-02
7.014837341596948106e-02
1.189534475650941003e-01
-7.863189079868437847e-03
1.352571570515949048e-02
1.321164224813430321e-01
1.178759259068798970e-01
4.910176477550147467e-02
1.132599134416176073e-01
2.063225862684753553e-01
9.153216672460373626e-02
1.954388860211434820e-01
6.550383630177927796e-02
9.036970521621263963e-02
2.548715458308034587e-02
9.957190726977192818e-02
3.526924503798217064e-02
1.130388539492517830e-01
2.717977324009427167e-02
9.971799678562807967e-02
1.130223618028025484e-01
1.479401667217735417e-01
5.357144147220330860e-02
-1.604190474609573994e-03
8.742482631433270979e-02
4.710552901613553750e-02
5.865317861436231822e-02
1.125120012203737474e-01
9.040165724508006373e-02
5.233643697303654724e-02
6.470374876451974455e-02
1.642620515064873582e-02
1.135273800658232191e-01
1.319094296548237732e-01
5.895011370449846494e-02
5.947641627378527640e-02
5.502547417327113138e-02
8.201059440097477338e-02
2.752053754893070761e-02
2.625950252556061293e-02
7.667469220147943298e-02
3.885224873929105094e-02
2.980344203423933302e-02
7.892903005301180053e-02
1.037141580923299916e-01
2.238402386636495489e-02
1.177610834628416980e-01
4.468572423896746693e-02
5.117282816760927722e-02
9.193339030062105954e-02
3.882890346115076829e-02
1.138682490095498517e-01
1.231314796218186958e-01
9.315369393905120754e-02
4.189000919762083525e-02
4.211560007878276807e-02
1.468235469892333889e-01
1.082378305847414290e-01
5.326793604922534786e-02
1.936812672700052515e-02
1.343246387909355910e-01
2.802013498514539791e-02
7.806746272515557861e-02
1.201902591912459434e-01
7.142719845414637059e-02
5.740358174053915297e-02
1.404046003303834333e-01
1.363053037068807927e-01
9.872663259234372435e-02
3.898895915598141887e-02
4.794726727624022689e-02
4.321077908373305299e-02
3.705744381634464013e-02
3.931934887333809331e-02
1.722975436892546300e-02
9.515317013634085053e-02
-1.070156190161355991e-02
8.359640827243189354e-02
3.353497356239680538e-02
9.983262485944688347e-02
6.048480009660788664e-02
6.580551098104528429e-03
1.448460754886029545e-01
8.660343632855915796e-02
-1.320460300061315762e-02
1.084005299244793080e-01
5.552521880759483941e-02
1.264466525450347323e-01
4.554606259228755061e-02
9.509299332835099983e-02
-1.185470434386373673e-02
1.014971936911207989e-01
9.333576429872787739e-02
-4.012640622942757751e-03
4.653119821059951283e-02
4.703008129991288061e-02
1.384526907996478096e-01
2.271794012259482631e-01
1.120322967097654027e-01
3.509987945960144767e-02
1.130538925073098500e-01
4.777776319296617863e-02
9.069399354771837118e-02
1.235511659723322886e-01
5.032646536437597462e-02
9.948160839971864622e-02
7.998047838946312216e-02
1.074537301398943157e-01
5.885668929246241216e-02
9.927374954328978263e-02
1.559466556137802107e-02
9.026054523971777099e-02
5.533375651263597317e-02
1.081264889498296800e-01
5.861241306152700087e-02
1.234349662442078277e-01
-1.297235505646216619e-02
1.708626302238627770e-02
9.156745308060039445e-02
3.603345139525981899e-03
8.419654018619832092e-02
1.177996386247272542e-01
9.738477628927194596e-02
5.516905669448662203e-02
2.117675651951306248e-02
3.964259171613714050e-02
5.245764238894604081e-02
1.196617155085388517e-01
1.450490472436495940e-02
5.057923406970124547e-02
5.244425873098196994e-02
2.022454952735040778e-02
4.473590599255951317e-02
8.700827896668240913e-02
4.346066287664017425e-02
7.147138746671739817e-02
1.084732112965296341e-01
1.063716841689103798e-01
6.673290016677838055e-02
7.115012280024503311e-02
6.209346805154785515e-02
1.520951139844644862e-01
9.032752137130059533e-02
6.163396730052540795e-02
4.974575634974336830e-02
1.097305532204353867e-01
9.913456414957848295e-02
1.230170362116375926e-01
7.936384914493872789e-02
7.903287314878158776e-02
-5.544742605695193727e-02
2.927541216446875177e-02
-5.095935470473846041e-02
3.214289155387331509e-02
7.868668478463528015e-02
-2.344925663447232356e-02
4.356153420932507708e-02
5.435953881457736281e-02
4.770411915778239448e-02
7.582369688359393012e-02
1.222072243679908354e-01
9.787607515554971882e-02
4.802713335467152095e-02
3.589978037171939057e-02
4.093638532853503126e-02
9.907047352163098064e-02
1.265197931447074042e-01
5.243396000840033766e-03
4.608888507761985109e-02
1.231525860949544693e-01
4.773123802949928718e-02
9.938948158949505174e-02
5.603546145447691265e-03
5.912915304805863026e-02
-2.984177344077201810e-03
1.166102472066980755e-01
6.449800607125451279e-02
8.922490349055395287e-02
3.090493163832078172e-02
9.589724279904006388e-02
1.257328191910808690e-01
1.281472232157423452e-01
4.202006588790662550e-02
1.100325477803142382e-01
1.125989865566583426e-01
9.614911681719792713e-02
4.688418754167843205e-02
9.676103921991155432e-02
8.886132811342896398e-02
3.795878153684453804e-02
1.196971033697502435e-01
1.056473405629619472e-01
5.562363722943605704e-02
-6.296202462842577507e-03
1.417546741852742931e-01
8.605714347012881349e-02
3.248947432965095666e-02
1.471472466365193466e-01
2.300262976079589516e-02
1.375292607842166226e-01
3.882085608182458958e-02
1.943232748449127620e-02
9.055163245792688387e-02
3.274911854937420652e-02
1.693249008351591367e-01
9.858145045969962661e-02
7.564741591512089136e-02
6.218502568698708322e-02
1.177485158568943313e-01
3.166177783333708889e-02
1.536495729859319592e-01
7.303547629634184191e-02
6.682580146024956480e-02
5.736797131246246934e-02
-6.092858808713630392e-04
2.082771450512777012e-02
9.226621895356935943e-02
4.606505926824508435e-02
2.084924187356479997e-01
1.014241425777394068e-01
4.480327214578383455e-02
1.021094136861191437e-01
6.102526816190171483e-02
7.068703156732888959e-02
6.055807370102497117e-02
5.953514760990308990e-02
1.252605826298363312e-01
9.722054491206097437e-02
1.557342315086937545e-01
5.331828116126807737e-02
5.065054637667496668e-02
1.775152447551639132e-02
1.118725337962526017e-01
4.897154977109254015e-02
-3.516443731868715283e-02
9.792527047281268660e-02
6.846248152522768637e-02
9.624217170464297033e-02
1.006482237401477436e-01
9.248821618471597672e-02
6.247403802738008688e-02
3.679583531678250197e-02
1.007270739655183461e-01
1.085452893750319669e-01
1.763770247831693283e-02
6.423961526511824671e-02
6.593423953050808750e-02
-1.402476985239961907e-02
1.424890297840740450e-01
7.717828554220683424e-02
4.153772293928720272e-02
8.453702181012320849e-02
1.490258298168006534e-01
9.976911555708212198e-02
7.521922431522828911e-02
6.328623760443849444e-02
7.101879209516200053e-02
2.314236713094923806e-02
1.234248919205098161e-01
1.629153656107198422e-01
1.729353003984292203e-01
1.007679660060767923e-01
2.779627214665716939e-02
9.852795329517521905e-02
1.360353750680842397e-02
7.450245561428037178e-02
1.049490590576513255e-01
1.685955552333423535e-01
1.437485071888359167e-01
1.252065577354731785e-01
5.157329942826152647e-02
5.475832304219305224e-02
1.232425348589520631e-01
8.148522348542180938e-02
1.261026371461578810e-01
8.657938944765167233e-02
1.928459264006124885e-01
1.345473677358791642e-01
4.298963822593689088e-02
6.839585194219834074e-02
9.417115119426592088e-03
5.223919985917097053e-02
4.843746258557367346e-02
1.118198861887617634e-02
4.305137173310297910e-02
4.517673152091530170e-02
1.098693758724584579e-01
1.186480082255102486e-01
1.503997309875543253e-01
9.996145439165743385e-03
6.438295813192587702e-02
3.527114106793978465e-02
1.012384201086506674e-01
4.314334048008794387e-02
1.099620396223820462e-01
7.378726559516558814e-02
1.421403256985129260e-01
3.086210313396189203e-02
8.676998519831288781e-02
5.360543539752904429e-02
1.184484657980576366e-01
7.235312498239587775e-02
5.334838797575568170e-02
1.801383905105013658e-03
1.299108647602781608e-01
6.277127080383869406e-02
7.692262697919288739e-02
6.480174774581402841e-02
8.998033406623830166e-02
1.306137019789987419e-01
7.325350852363921028e-02
3.472006772092078863e-02
1.564553190294886154e-01
7.754857406522176755e-02
9.079689440933369493e-02
4.758386410735554461e-02
7.835511731207425723e-02
5.229461562435730460e-02
9.542885477259591132e-02
-3.038002581784327027e-02
7.347953269697810041e-02
4.094551473799910857e-02
1.151278065697802916e-01
7.876853456147606125e-02
9.390450626057268713e-02
4.083706707894527166e-03
6.377314721860809221e-02
-1.034475469126380082e-02
1.215572689685975594e-01
1.007456391682168828e-01
6.081934574706054225e-02
1.183862493153424872e-01
6.147351149707275253e-02
8.112256705396359013e-02
7.847587639517758507e-02
8.126373174077519690e-02
6.090597721025051148e-02
3.334547279991849356e-02
8.981726031044970360e-02
1.056005623486088313e-01
1.061453486981846217e-02
8.173861495120600396e-02
1.481602777156529882e-01
1.978262203983991580e-02
1.228357256003571318e-01
2.668931379917133945e-02
1.450101574341947641e-01
7.877387469445458479e-02
4.523455719055707175e-02
9.500238054805879018e-02
1.119369883755668427e-01
9.997456297200640885e-03
3.655579221166781884e-02
1.013254927706931652e-01
1.427022819389521524e-01
7.807142073902322010e-02
6.383548946337232188e-02
1.322607196192020496e-01
9.139637982192344579e-02
6.301643743649977536e-02
9.201929167823698352e-02
1.331221548438603630e-01
1.604865071329525383e-01
1.628083816913235837e-01
8.342495163740734632e-02
8.258885644875488263e-02
5.933577933426929796e-02
2.284523260767808428e-01
1.443295003839046436e-02
7.103132636136359757e-02
7.614357652469344595e-02
6.456467872218500659e-02
5.548284627075909803e-02
6.839995717112298812e-02
3.513935712795675237e-02
3.289529757894564532e-02
8.083039211252229794e-02
1.058819872938641105e-01
7.331277565533583784e-02
5.155012801365170538e-02
4.070571051942603602e-02
1.615111920437168891e-01
3.037535956207198032e-02
1.039483090180407937e-01
6.442184058112603029e-02
1.011714835602935125e-02
1.002551798607763250e-01
1.323225753896918322e-01
6.916578291166183834e-02
1.928948505985859929e-02
-5.555676042906521062e-05
3.957347713189628829e-02
1.513429638047855685e-01
3.733273215879984869e-02
1.082255598314766365e-01
1.107791389938296844e-01
9.213172135914729499e-02
1.419603468937865598e-01
1.764716597969169243e-01
6.480931788074253963e-02
1.097222090104133102e-01
2.104329735503546184e-02
6.808549937084075465e-02
7.542750410451644349e-02
-3.755502852517020318e-02
-1.172145314608824540e-03
6.537254216591115163e-02
6.316939100408183738e-02
9.089644108537910105e-02
5.399850854667435224e-02
1.042865691275559475e-01
9.109445611353336747e-02
6.336030723379779128e-02
1.034886797662440405e-01
5.246555280600890409e-02
8.483826410254215189e-02
9.863036315303416735e-02
7.910372867251082296e-02
8.031938030820517938e-02
3.663788843703448539e-02
6.460831494071964110e-02
