4.183425556577043819e-02
-2.101959362877400470e-02
9.458106762430176784e-02
7.390564125677262508e-02
3.171278715382393892e-02
6.195140796984350412e-02
1.119152934329561005e-01
3.902132939248338650e-02
8.325699635711270030e-02
7.641128646779084266e-02
-5.011878303161867998e-03
1.147538935930677850e-01
1.282593324376800070e-01
9.796155422062505225e-02
1.046502184841746619e-01
6.774505584768793220e-02
1.071212087868295693e-01
8.417350467955664328e-02
6.709525084790475546e-02
5.527187675327216443e-02
5.297367835726581042e-02
2.653808940870901883e-02
9.883952432640719099e-02
4.168325245686516078e-02
9.725543293774095710e-02
9.834337399261555701e-02
9.974353633597599078e-02
1.087005560341829657e-01
5.852332692804689679e-02
8.416876962189934197e-02
1.373726444058611662e-01
8.561301161253952186e-02
5.407354199041818771e-02
7.616140355102968273e-02
6.562887648199126900e-02
8.126120667564998290e-02
5.631663491919156744e-02
6.732982123970500388e-02
4.608328175770642215e-02
1.001851366729297060e-01
8.724364080013422007e-02
-1.181889469628277789e-02
6.448204116065156533e-02
7.259560280830915091e-02
3.449544545815723395e-02
5.253692090050979258e-02
1.124744153785244699e-01
7.314039988454426600e-02
1.108207581609910175e-01
5.184270792740500178e-02
1.083765202387395876e-01
3.715605339756304637e-02
6.038672369808828488e-02
9.845843557617769970e-02
6.716339053183936758e-02
6.379500445209733417e-02
2.976311867329820005e-02
5.441823414376399659e-02
6.798318004960479666e-02
3.764023591212419667e-02
1.098190110994904656e-01
5.881181077507970090e-02
1.046098584475080445e-01
9.372200995647497757e-02
6.121009192322976467e-02
8.814206532819157669e-02
2.695132312045252221e-02
5.327692930652486170e-02
9.323462026592990726e-02
1.015540561975118994e-01
5.383899250808803216e-02
5.748771900654577049e-02
7.710203183844606400e-02
4.386044094351151251e-02
6.400581842719416104e-02
2.742677286792470637e-02
8.956167505412740426e-02
7.266409979337069835e-02
8.040273951090998183e-02
7.618675901442618914e-02
5.998546163536858794e-02
1.205038085509830270e-01
1.471596078080974201e-01
8.179560666219519438e-02
1.273562432885136653e-01
5.305370527657492924e-02
1.475489772800139820e-02
1.941184629114332816e-02
1.004077200805308656e-01
9.799219179033244465e-02
2.897545377715590731e-02
4.189410583719417602e-02
1.040637602389541672e-01
8.758490587927449111e-02
5.441332010607438652e-02
8.738659683713267956e-02
3.706687052773549595e-02
7.000583060732770702e-02
6.520884608964636064e-02
3.961684308062701082e-02
1.127299134407391407e-01
7.007672242599664869e-02
1.322216126215564058e-02
1.075940103381063107e-01
7.725358022505295075e-02
4.789257141251551664e-02
9.804267432375757263e-02
3.530985264693582704e-02
7.387863565153872381e-02
2.696281655548721234e-03
1.560995944758312992e-02
6.726744583320429238e-02
9.405974534728127334e-02
1.077223657413950153e-01
1.177247301246851230e-01
4.464730147398281168e-02
9.743533417552296960e-02
5.236677994176035245e-02
1.053342061723138851e-01
5.007784654510150785e-02
1.402872369378174722e-02
9.460940122186028978e-02
5.153287252730057166e-02
9.788251342044981818e-02
1.058324262622992451e-01
3.666714986903135687e-02
2.435938420375589886e-02
6.061011186485110863e-02
7.252490875785527757e-02
9.038495958596717839e-02
4.375992584850287026e-02
5.525359191292228411e-02
8.860006732298233989e-02
9.025275664464943448e-02
1.204757967802832647e-01
8.983652962103323703e-02
3.146424603210383475e-02
5.760456250010242973e-02
3.576497728898107853e-02
9.387474710544171930e-02
6.913796386957395124e-02
1.035840814803046100e-01
1.031965958728930655e-01
1.641493405750299173e-01
8.221897072706102483e-02
8.125897051773769975e-02
7.089522407391309067e-02
6.368695349055682187e-02
1.002272919009890018e-01
6.257701156531422781e-02
3.957912653850306772e-02
9.055590560183356119e-02
2.271162113966171403e-02
9.102811444515709893e-02
1.308291792795879538e-01
8.315103962418882166e-02
7.397137904696449162e-02
5.994846395971166475e-02
6.503894150189706846e-02
1.269809552294161037e-01
1.247202948464996575e-01
1.284717651720970466e-01
9.576821950202142608e-02
1.223403262164260846e-01
8.803229559152453421e-02
8.929140106458426096e-02
5.407957070861448695e-02
3.676264635674984793e-02
4.222599187377021335e-02
1.131887026734748891e-01
6.747772883352463891e-02
1.036867761892603934e-01
1.395411544979352769e-01
5.202961690893559421e-02
8.273054449562675106e-02
4.031252130419370194e-02
1.214351035438312187e-01
1.218161139267388005e-01
8.980728479933235142e-02
5.332126064541412025e-02
5.701430136052190734e-02
9.824059120935035860e-04
8.834262321666197515e-02
5.762641128620923231e-02
4.139889408602229204e-02
7.300208111197439842e-02
3.600592629536752270e-02
7.865896037441748312e-02
1.044593539015787192e-01
7.999413130562857410e-02
7.012566005678659564e-02
8.732310762090376988e-02
1.294496626591556954e-01
7.311677773250242762e-02
6.699379466618471390e-02
6.725212889317856713e-03
1.760694669368133292e-02
4.021808866414736117e-02
1.189329201010167064e-01
1.222359982803512130e-01
5.820713781426592459e-02
4.904863045413743877e-02
7.609308443672274658e-02
2.813835261750202016e-02
1.323054232244463280e-01
1.321174749848485486e-01
9.617205880534594742e-02
1.385449541539441332e-01
7.227609461864403784e-02
1.476645101683076167e-01
5.247369052719783045e-02
1.673349063889456589e-02
1.259124713061154366e-01
1.094703357010611000e-01
1.149365718964628913e-01
1.167934977059039009e-01
1.008645674756150357e-01
3.454771007059126431e-02
2.800703629002668574e-02
2.314205129320032195e-02
9.562814645331374486e-03
7.472151018351801122e-02
1.042345482235731008e-01
4.104378262163534130e-02
1.104820065089672509e-01
6.600949944215311893e-02
4.052439945598380888e-02
4.393738446752248894e-02
6.563112275492941072e-02
6.136268018410984126e-02
6.156342206837321640e-02
7.891447329306550129e-02
4.876533258523817194e-02
3.922081839296696903e-02
6.273140433968379948e-02
7.313804620022165692e-02
7.858230034560428900e-02
8.392299555616236639e-02
9.700592907104174656e-02
8.361797372718032806e-02
8.599295236443220414e-02
1.175757731974125808e-01
8.559463252424300006e-02
1.188952690377835658e-01
6.411455119092640542e-02
9.274156196993055268e-02
8.637313803861323969e-02
8.754414487646751397e-02
1.142541061809929648e-01
7.386681687801546770e-02
8.678329131739569158e-02
1.177249986289636563e-01
8.968274586246334501e-02
1.346641735044169508e-01
1.001413806671193341e-01
1.102225764185976176e-01
2.630639638199319674e-02
7.404350544748304619e-02
6.645472323754852972e-02
7.786225846322375466e-02
1.016374410712621579e-01
5.291152902193990704e-02
7.348967541223777600e-02
1.022534956716446286e-02
4.443238856588398178e-02
2.731093174847079585e-02
4.820353454722144104e-02
1.167102969420436842e-01
8.023957192425430762e-02
8.562835113824472655e-02
4.454939934552318292e-02
5.145833162584166620e-02
5.333435624167959244e-02
6.677154666055085119e-02
6.893598162748684754e-02
5.589460309575371155e-02
6.921045913301213104e-02
9.186530083278206249e-02
8.536550754845648181e-02
5.547652639427613774e-02
7.061055204323361811e-02
1.266255359480926435e-01
8.156188551507975726e-02
7.521652102514291005e-02
6.371934724388640670e-02
9.488846164792008597e-02
8.352868295287507738e-02
5.976946831241738284e-02
1.069838270940425412e-01
8.629065138054758943e-02
6.354411005967888770e-02
9.380186412475111091e-02
-4.057513766944395583e-03
5.125446272324566538e-02
8.696360685398704660e-02
5.509552321757379967e-02
4.577863174376196886e-02
4.453264928269250189e-02
4.368662434340182810e-02
5.735255606006632589e-02
9.612086098402525258e-02
9.215982802967712106e-02
1.259699305303181305e-01
1.598940612518663096e-01
7.113210805158547145e-02
1.073758782124992900e-01
1.371242932086203237e-01
3.921708804348130600e-02
1.663507565980173186e-01
7.058648113209468888e-02
1.252779569501525081e-01
8.653557857636570705e-02
8.225591975410345702e-02
8.916958360706180031e-02
5.293382437337037366e-02
9.978611819294294638e-02
4.732659317805244098e-02
4.667214080806733612e-02
1.130693883803033511e-01
2.091049458135421646e-02
8.917608472404359166e-03
6.402469389872018912e-02
5.677270057910314971e-02
9.231341588296454459e-02
9.496765066405052358e-02
2.792800664068982586e-02
9.923733788129714128e-02
4.968081348605379866e-02
6.874438211805342092e-02
5.719756681872496112e-02
6.011154310702290088e-02
6.548397372321664023e-02
1.124098559548167842e-01
1.293945580122842776e-01
1.106773213795885502e-01
8.870437359948940559e-02
1.365192660439566164e-01
5.893596110952896427e-02
5.846268052166311846e-02
7.923359221581979805e-02
9.009378848149465768e-02
9.444617606290205136e-02
3.496802159105603242e-02
9.409651368240433411e-02
4.755520680158254604e-02
1.173095381734910181e-01
-9.922808346836967108e-03
1.189893362460889975e-01
8.716846570868154453e-02
5.966598175947591259e-02
4.741942817498654567e-02
6.848269198650981660e-02
9.142015058214346401e-02
2.791417128291508870e-02
4.235561018419058826e-02
6.548008207250263779e-02
1.064591740667842346e-01
1.126055567459114948e-01
9.660402655042525655e-02
1.486222643029802282e-01
7.927651234408480962e-02
4.271402309495250793e-02
9.780401440325099671e-02
6.358181442930418981e-02
8.399910564333692986e-02
2.080625855882797803e-02
6.856609043041267393e-02
9.284005146511171980e-02
3.907239351820032680e-02
2.985724591019756069e-02
6.139354416776811318e-02
8.972077760196088547e-02
8.572044003789042188e-02
8.029180515800247997e-02
6.161122533589965394e-02
5.991903889070620409e-02
8.122823069419171649e-02
3.347502640058433454e-02
5.190473024537104602e-02
1.059499275873610341e-01
5.947756087098221567e-02
8.981702356658094466e-02
5.742829213012148881e-02
7.693190635614297057e-02
1.067790941939963517e-01
9.201150647095611423e-02
1.109352615372246748e-01
7.598914851744363597e-02
7.583826838890875277e-02
1.064638480459516590e-01
7.562382164093374437e-02
1.371205731400131356e-01
7.736415788320864795e-02
9.208004867984710684e-02
8.793917363395224729e-02
3.630231587108954938e-02
8.276247980096557155e-02
8.014819018754043567e-02
1.044565871291598669e-01
7.289041942174148692e-02
1.322608820715131528e-01
1.159235370710735291e-01
1.246365524646615847e-01
1.089367985941224470e-01
1.426005758883900076e-01
3.328754966602041898e-02
8.602945550131528563e-02
4.637149267398713720e-02
4.596827018077195848e-02
3.871870088039837399e-02
7.494899288322515174e-02
9.507916852106301775e-02
3.433350104342296205e-02
1.050285772720805783e-01
7.550631744866008466e-02
7.238305590657781452e-02
8.020882947701993282e-02
5.559934086643057022e-02
7.150788485929229776e-02
4.112042638892712126e-02
8.339674730280183246e-02
1.021482131641907043e-01
1.082013254244540978e-01
1.016935960651165205e-01
8.169774630118260828e-02
7.478406122423002234e-02
3.782170401869867915e-02
1.100474854629530513e-01
1.136557403852073433e-01
1.023559879204814504e-01
1.181760418722831718e-01
6.364762813175114942e-02
2.967546983925023474e-02
5.080987403020202631e-02
5.057391145761790108e-02
6.262528866864561228e-02
6.792652252366793153e-02
-2.022046744065891799e-03
1.170117762839416181e-01
4.802692880154282862e-02
7.850483417017273258e-02
8.927346078197212487e-02
8.251438940504145225e-02
1.331378213223834706e-01
4.267387170984252714e-02
9.542797515295498023e-02
1.243510823335996496e-01
7.067624425465804383e-02
6.450090871733407671e-02
5.086182033107540523e-02
1.513960211996010219e-01
8.148837973332634377e-02
8.136982474226242545e-02
4.311154137938619235e-02
1.046808826363922751e-01
1.211709490742316903e-01
1.018557381699249642e-01
8.954911739993101638e-02
4.808504231879591473e-02
9.045643056710239716e-02
7.411729965153378286e-02
6.683407196833449082e-02
1.012387625239636324e-01
7.201031185882113272e-02
1.161007767216065550e-01
1.218355311228596916e-01
5.854516533015829277e-02
1.205225116558304721e-01
1.278390831566008634e-01
1.219298119763283228e-01
1.339781044768258711e-01
4.716340429018367475e-02
9.958412150491152692e-02
1.536410985991047418e-01
8.841841759277183077e-02
1.169432981565240448e-01
1.140713547226170216e-01
1.095692685648147618e-01
1.547632548614039094e-02
6.584071643214625680e-02
5.527589497293493304e-02
2.841834516347910289e-02
3.237198191670415809e-02
-1.786168257192796704e-02
8.725533055012756056e-02
3.266008545960339543e-02
2.844746281659792098e-02
1.040852574835986755e-01
8.193840259113134572e-02
1.142928058508727862e-01
1.031888776668183627e-01
5.637231622791458174e-02
8.022761938193485876e-02
5.073097478247587389e-02
4.710182565752642214e-02
9.132528840138737225e-02
9.618478880015772503e-02
3.557389626093476059e-02
1.135908473554533005e-01
7.142962659808525794e-02
9.935078710279084124e-02
1.337625942984251026e-01
9.807704088523230834e-02
4.045452407964049424e-02
3.337488561554843858e-02
8.342569935012324189e-02
2.245028915758774668e-02
8.314444581906642318e-02
1.904859693727865844e-02
1.318694258629809768e-01
4.919759653628150153e-02
8.995464950438916696e-02
5.852807564910243732e-02
1.327434806033562509e-01
9.505653093295779454e-02
7.355069406995173864e-02
6.922668235329537678e-02
5.575291350573599591e-02
8.124013676177817278e-02
1.090762214701104238e-01
1.360695818681540159e-01
1.173515367320140390e-01
9.384762793897258315e-02
4.646173231463091718e-02
7.578271678260276034e-02
9.071005190009502617e-02
7.674341867055967104e-02
9.303496081056611411e-02
9.891606787832935010e-03
5.304654403695998471e-02
1.419797049352056750e-01
6.627623390083910160e-02
9.313325348902520839e-02
8.782691057238511956e-02
4.924620254336717351e-02
7.779880704581891571e-02
1.283400781659386203e-01
3.296820887623477803e-02
4.684949703539736249e-02
3.083480053029641343e-02
5.596004402698726010e-02
7.898922604998984132e-02
1.022970997477857108e-01
1.072650188778388192e-01
2.518160349798446995e-02
1.230875072413344373e-01
1.015898231797422169e-01
1.045621931649290959e-01
6.305927037227994358e-02
9.199616124917431303e-02
8.054475958903863086e-02
3.791804416123265020e-02
5.862719487021551129e-02
3.310972204049167367e-02
6.304841470999675290e-02
1.216087284813491820e-01
9.220087887982034158e-02
9.626734496732879121e-02
1.530352628437585127e-01
8.398651131117745861e-02
7.078688994202689266e-02
8.034896949618541839e-02
1.232172459494834671e-01
9.357883223939213180e-02
1.127087413287223144e-01
8.479651657603395898e-02
6.429945935164332882e-02
7.945322108401153827e-02
7.969706759503725202e-02
5.162248259210834578e-02
1.073417818626381526e-01
5.095393987314558032e-02
9.150414287016478410e-02
1.135481800213059139e-01
1.062578738977319609e-01
1.361560816815491348e-01
2.977727361339810308e-02
8.824782263643002334e-02
6.788573335794539920e-02
5.281830317107074485e-02
5.958954524210335196e-02
1.836520394559843505e-01
5.233433471802759890e-02
4.174696959775361926e-02
8.494484401441368404e-02
9.686286074969904791e-02
1.122494165491736834e-01
7.378012998955053858e-02
1.125931420018832646e-01
1.421431351545826283e-01
1.433069706100139062e-01
5.640155957658514463e-02
7.407484274426862081e-03
9.142249154298140446e-02
1.063914983434488676e-01
7.626994959036145771e-02
1.043649214193001773e-01
1.010645605721848528e-01
1.263535057637335257e-01
4.837752290490812679e-02
6.264366488873365779e-02
1.014885421466962395e-01
8.589515997943331094e-02
4.403779718890983574e-02
3.674969003447656202e-02
5.437909599680890160e-02
1.438912592715038130e-01
1.201687605953058735e-01
1.150204292508474474e-01
5.006763253201629987e-02
8.660909947763104078e-02
6.186464541535036804e-02
5.971698729196129457e-02
8.840820404128005294e-02
8.967829777910564515e-02
9.363783284156326769e-02
7.385063327130853006e-02
6.895562631466017889e-02
1.065648082595270080e-01
1.122210526547577081e-01
1.388932033045923720e-01
8.678119914997373119e-02
1.047460672777768553e-01
9.881984651972866573e-02
1.158785021034868107e-01
5.970353780956118989e-02
1.098703628786703579e-01
7.561551145910187788e-02
9.091098905663208551e-02
5.862247662413782451e-02
1.305646004909069569e-02
7.135010144326281445e-02
1.314415873189513639e-01
9.082203034719837920e-02
7.348800048750273040e-02
6.180616586625285735e-02
6.372789902523297301e-02
2.298887429067847377e-02
6.958846750057748332e-02
9.866840003897189848e-02
9.342103384383981801e-02
1.307754636538761006e-01
5.685683171848261719e-02
6.315298765104088163e-02
7.175177796017666310e-02
4.444863661457454374e-02
9.744795113845218515e-02
5.573360827564755038e-02
1.043396545510237861e-01
1.743733631152043217e-01
9.298845491626299420e-02
8.467926539051562340e-02
8.454819820790916707e-02
8.662249694564272406e-02
1.221623971847672629e-01
9.662306145496221688e-02
5.998562372109450536e-02
8.280144863948589451e-02
9.415160511975563529e-02
1.904526909942001744e-02
1.058508705270929384e-01
1.091138005751816353e-01
8.470032725074574942e-02
5.835702814915871145e-02
1.065751961957244059e-01
5.251159376519010102e-02
9.160704348162936050e-02
9.875476592684129251e-02
1.152370445418085809e-01
5.497333699508792637e-02
8.513038406993042595e-02
4.212286548413424897e-02
7.385445982895194605e-02
7.782931181841890034e-02
1.346450378450068375e-01
1.814205466658763144e-01
7.431874172672547907e-02
1.094055650195632640e-01
5.468508349186953360e-02
2.477873393447289560e-02
9.041040867510413692e-02
6.193077834106681945e-02
8.560089679384086381e-02
9.911736561115139232e-02
1.145776868642917334e-01
5.108059098349994331e-02
1.270226797562134524e-01
7.829053500296229151e-02
5.184794631393708358e-02
7.957956750174408067e-02
1.126264473777657260e-01
1.521605607739729416e-01
8.065299081424448513e-02
9.884386912064094255e-02
1.386637007528941090e-01
9.376908419364726743e-02
8.390377644128083068e-02
3.887498570853684110e-02
7.925420652941907174e-02
6.391438146069325366e-02
-8.195545879235432984e-03
5.302094962058547661e-03
2.672768300367690808e-02
5.950915558566184649e-02
8.865948443653642874e-02
8.747213602988027081e-02
4.376915530145307487e-02
9.009900488749922332e-02
1.161245320389082403e-01
4.841465624147228003e-02
7.980210002654600232e-02
9.804877943726737766e-02
7.964654726371925286e-02
6.186660764581110306e-02
4.646786927046522853e-02
8.340818035252775542e-02
8.797978753758052550e-02
1.313845876363116671e-01
8.358427684641821231e-02
1.038523343624601636e-01
1.196498634584601956e-01
7.948036347009052038e-02
1.224182576793096250e-01
1.007522249748114412e-01
7.844152877235031907e-02
1.149832532517693906e-01
3.027455645892318525e-02
6.664627416906675206e-02
7.175980617220620306e-03
8.094122291844482731e-02
3.590034910803677898e-02
8.183612515440413793e-02
5.624649484765502361e-02
1.158628049152526651e-01
1.397465502407322924e-01
1.325820006600533785e-01
1.248786143000155113e-02
8.288160920055268055e-02
9.097796880728416247e-02
1.414324771946415260e-02
1.127485371943739434e-01
8.004504048412040829e-02
1.176425852726713100e-01
5.806879427351156753e-02
1.059866770179051371e-01
8.753177693382961644e-02
4.875811056119622178e-02
8.752781678446322489e-02
8.993491616327602134e-02
7.457255195181151930e-02
4.494481753169287525e-02
7.734780217480978493e-02
9.771592788605545921e-02
4.996049735909778577e-02
7.447655785072095080e-02
1.378870252863613199e-01
1.352352461240303727e-01
7.655918131403960381e-02
6.370300141966427077e-02
7.608254507210295003e-02
1.133985345204344131e-01
7.750166969812052886e-02
7.164148151165972145e-02
8.226494577331096292e-02
6.589071671973728561e-02
4.099712667201217686e-02
9.685105194622722902e-02
3.658653744611126829e-02
4.512981749371176854e-02
1.215655793133665619e-01
3.470973816095661302e-02
2.874080478642292158e-02
9.905595461074642727e-02
7.649760488508625111e-02
1.123621857114547873e-01
8.637054357082477041e-02
5.265334442453230984e-02
3.797206929391826885e-02
8.057891349486109855e-02
1.097438671364524276e-01
1.015765923164915485e-01
5.137012951811722322e-02
1.110841846633005836e-01
3.885999642988886837e-02
5.071910861515210867e-02
5.690531641943526869e-02
4.699256836967534434e-02
4.582823688337690077e-02
8.620775964528770707e-02
8.762342558739745491e-02
4.586001367856017141e-02
7.165983583116183886e-02
3.873302463084012798e-02
5.384144648791962251e-02
4.769325491700040359e-02
9.817486623174659366e-02
1.031247017077769612e-01
1.945501342618438656e-02
1.195393912812319076e-01
9.546379636736829211e-02
1.218003123977952906e-01
8.566334842940168115e-02
1.397719980871484358e-01
1.345429742797659423e-01
8.209476853661308582e-02
2.610823614655857772e-02
1.670945117144420344e-01
9.665252159848897184e-02
8.728988026927418653e-02
7.634737295841161064e-02
6.672357824306501817e-02
9.803415337314325129e-02
1.526027522330791752e-01
7.559139939994047319e-02
1.022738249808339411e-02
4.632476759836837155e-02
7.862175572835156112e-02
3.668887794220915266e-02
5.886926530784319933e-02
8.387842789584584735e-02
9.849287200037423751e-02
1.231305486848226494e-01
6.008324869784488487e-02
1.050485738374422884e-01
1.311593085612534071e-01
1.205743888358941918e-01
7.780420282804971499e-02
9.315553675607697592e-02
5.674463666072741830e-02
5.863156843102429461e-03
9.050489252179703958e-02
4.774375134381811381e-02
7.968817633172813053e-02
6.369319197822689849e-02
2.771781263067907980e-02
8.012815015824427400e-02
2.168395637971259893e-02
9.602459848598100811e-02
9.766161490663824440e-02
1.289184595275151279e-01
6.448137755306379559e-02
1.084389386791907578e-01
6.030862311487614202e-02
9.024230257639061226e-02
7.395893063850542126e-02
8.388578771762170150e-02
8.253529639537701690e-02
7.594319424563306109e-02
1.344391756587648423e-02
8.521364469669748254e-02
1.242465150688135955e-01
9.322407836346847942e-02
7.427530059484004077e-02
7.569626053903626139e-02
4.819882352628708511e-03
3.455081983407874702e-02
9.074663396957548256e-02
6.427487671572545969e-02
1.090367253691962440e-01
1.300801546820585519e-01
8.861723718685175777e-02
5.263727696507443377e-02
5.248951980754366226e-02
6.827695512079867690e-02
7.000722162722347597e-02
6.942697384534755878e-02
4.066095502676149442e-02
7.348579471231229954e-02
7.387755064932133298e-02
9.301881524427785264e-02
9.091752461507093819e-02
1.051708663597106241e-02
1.386044163837449328e-02
6.735819614257319843e-02
1.095932134122010876e-01
1.123587501971076152e-01
7.300325536942403604e-02
3.301827960382146265e-02
6.925611613087842566e-02
7.503293160673868423e-02
6.467123274464847693e-02
4.942716251599492405e-02
5.644337727131341909e-02
1.060951605967078021e-01
5.937933237352792382e-02
4.432498557408697665e-02
6.321783120571017323e-02
8.839775119496973144e-02
-5.097054825010036150e-03
1.150831282358638213e-01
4.211079876114840609e-02
9.699356352941963799e-02
1.162305943820335363e-01
5.819829817043241371e-02
6.295327098397680843e-02
1.021491943300184418e-01
1.312177507714448188e-01
8.083947973688486444e-02
7.978047441990662736e-02
6.610951170178940017e-02
5.849172716333542188e-02
7.686191950892179436e-02
1.123153411118798656e-01
5.536697687184220090e-02
9.639892712022272991e-02
9.165294777480209598e-02
6.196579564727534850e-02
3.624162971590474958e-02
5.751523441972332396e-02
1.398930816743048089e-01
3.731939338770820513e-02
1.060537235091578573e-01
7.410308116488970032e-02
5.889792527369104580e-02
9.577233710224025698e-02
6.268384873135854352e-02
4.852232272296246041e-02
3.004768198538557145e-02
2.820235668827981296e-02
6.548525487329440176e-02
5.812506855735675992e-02
1.203498808700628336e-01
1.131736678194907586e-01
8.281020051963221273e-02
9.838169489971004822e-02
1.030582375957771746e-01
1.064593877381477538e-01
1.040483600379109586e-01
3.524840467559303692e-02
1.025282918302943269e-01
1.143767452461792455e-01
6.909364371850934550e-02
9.701273495776106814e-02
1.670421743596059438e-02
1.037141041031837962e-01
1.393920041389008491e-01
7.680879871043191920e-02
7.590956207111455856e-02
1.042961782159066569e-01
9.111469913709274726e-02
3.439854920169989339e-02
5.278936671121589597e-02
-7.636549330245226419e-03
8.019269225611505569e-02
6.937250466626648793e-02
1.755555449900084997e-01
8.912159847347778108e-02
1.140299158322163608e-01
2.001798856204257959e-02
7.345892512923962725e-02
5.450325166701846386e-02
6.700148128121412305e-02
8.439358107929556541e-02
7.690064258264857344e-02
1.033367145556348676e-01
5.772684040654119109e-02
6.206898410583787384e-02
1.504062134131300965e-02
6.808749106877463875e-02
8.647614947755397075e-02
9.297879186638011162e-02
1.429643548628306560e-02
4.267293902253935234e-02
1.029153688680824741e-01
1.249249127542065435e-01
6.451538618868830899e-02
8.623110116909424305e-02
7.889857297982538764e-02
3.437881303353915174e-02
8.068041865468757179e-02
5.301171084166997338e-02
2.979659353411667072e-02
1.018036191266983026e-01
9.580462697710130648e-02
4.504575079701379769e-02
9.001984110874027001e-02
8.317449382843346284e-02
1.372616901728566929e-03
8.232255819819636611e-02
8.025225306438063533e-02
1.032441570632687544e-01
5.978501322284710678e-02
1.233501544271018990e-01
1.170413173873164070e-01
1.226513851322354742e-01
8.089247793407365605e-02
2.225794570026858044e-02
8.298798635547188773e-02
7.387050550634900736e-02
8.777618102842786596e-02
5.168465798202391548e-02
7.261404393900540433e-02
4.954519873866176927e-02
1.858226810777115906e-02
4.509186494565572967e-02
1.061397117237218024e-01
3.919775415555784570e-02
5.806169614259207301e-02
9.508267761530701800e-02
3.792227897312160090e-02
6.131172545437229421e-02
1.363317487035473619e-01
1.226810461145972919e-01
1.002873910680177616e-01
1.092095567059855193e-01
9.241948433177782363e-02
1.181072812383896220e-01
1.414480221955860817e-01
4.593855501353437398e-02
9.350048352756037962e-02
7.810691865274219103e-02
4.601765536121264766e-02
7.697921397898532803e-02
7.341099176647333802e-02
9.599729375229101858e-02
8.462576502014192148e-02
4.910056897301035700e-02
4.570006592384993904e-02
1.115501283469547411e-01
1.107150849190387809e-01
1.635946002015406520e-02
-7.674659820960452739e-03
9.962814239516624981e-02
5.245140064284186526e-02
9.148485090876051773e-02
9.670145393917239929e-02
3.114166196731341096e-03
3.845675915969759551e-02
7.909077799266836517e-02
6.257970452524420912e-02
7.182756526386069318e-02
8.221916762628272979e-02
8.560423169747764793e-02
1.811795401446233966e-01
8.579838604208785136e-02
1.102019736963841812e-01
7.227930276242108820e-02
1.035279257816792975e-01
3.160794268236584437e-02
8.743609677759853205e-02
4.174529841492007065e-02
1.234340914728195571e-01
9.429648047755140317e-02
7.375024304750427140e-02
7.122275562866320353e-02
6.540826708675542833e-02
9.696191890671884694e-02
1.451734849458148069e-01
9.732659146269694028e-02
9.794840120372569348e-02
-2.546464400845122045e-02
2.187572015525588581e-02
6.549878629395514129e-02
5.114865706899056341e-02
1.428244599247033286e-01
2.007042199263589510e-02
1.068505768545213730e-01
2.552719475384183923e-02
6.371547321722664803e-02
8.334728118981235556e-02
5.765937799516916706e-02
3.671664146810869889e-02
6.819916548679955115e-02
9.408811174307130099e-02
4.792663398170775996e-02
1.018984149150529706e-01
6.388073270753483190e-02
1.030910356272562445e-01
1.327484286135954816e-01
7.719651691087399403e-02
9.389898122327250407e-02
1.008208750207977566e-01
6.277846134648999710e-02
5.010037941403100437e-02
6.971521212108708343e-02
5.630454921235999999e-02
4.268517724382437512e-02
4.626414193963673815e-02
1.193176007187684573e-01
4.413579839210299283e-02
1.258358075217266003e-01
1.193072817159264443e-01
5.958171815734716187e-02
8.275327463007116358e-02
6.884077089363882518e-02
6.634946195539118130e-02
8.265451003858018120e-02
2.468462288638596791e-02
7.421389543610432127e-02
1.385997497481242235e-01
6.366898362809550460e-02
4.295010726719699495e-02
1.178878593617714993e-01
5.838741122844826742e-02
1.086443496453267238e-01
5.406913058712485565e-02
1.496699205894095053e-01
7.062625422762877636e-02
1.262740205251759451e-01
1.364628292373801510e-01
1.007453121559926668e-01
7.260995627948199638e-02
8.160761715412021000e-02
1.170719146354349816e-01
5.777623999712887953e-02
1.637290939866725692e-01
1.094898918959295725e-01
8.348929541509771124e-02
4.276820368443810805e-02
1.005935268686811573e-01
8.858198986151349930e-02
3.147818080000940044e-02
9.649865876186125568e-02
1.459656382523941143e-02
5.713805311361279393e-02
6.829281938966923204e-02
8.928031102855901735e-02
4.452571633355419112e-02
9.215335174897382187e-02
5.684086624698451995e-02
1.121501429832671981e-01
4.776836938023118484e-02
9.770893043639801434e-02
2.524085146127889867e-02
6.566661814745478054e-02
1.226655072499788779e-01
1.025159815547763975e-01
1.510104048524143205e-01
4.256341408063023246e-02
4.440021642868363649e-02
5.067929893891096049e-02
6.945733556193653402e-02
9.060705310005497115e-02
9.011983025692438254e-02
5.023148513688505817e-02
2.276797612371238289e-02
6.464537468523764985e-02
1.027723804000197499e-01
1.023021169664986851e-01
7.485039471613845474e-02
1.358596135230659696e-01
1.045767708572485355e-01
6.738066713487478321e-02
2.860084110881518094e-02
4.232356526865628521e-02
3.828258011129965360e-02
6.569017788047626372e-02
2.020376486687650019e-02
7.916531191064660189e-02
3.376436998551735763e-02
1.074607235868602906e-01
9.228041696420641316e-02
3.019520643351199241e-02
8.731880656238787120e-02
1.348320799284676019e-01
1.008060416078502691e-01
5.196339649049792897e-02
7.641711261855464732e-02
6.777188293248670448e-02
5.666016329625941927e-02
7.498468567579102961e-02
2.499205955168956605e-02
4.160116925796805698e-02
1.332518068894062713e-01
7.975666422218653795e-02
7.363630922543150381e-02
8.530898788197875671e-02
2.077386676170403512e-02
7.041741229098183452e-02
5.393435978877270109e-02
6.096138873397683594e-02
8.708333171998042244e-02
6.790156857583841410e-02
1.110872538268935505e-01
7.704344984886747627e-02
7.963121731339606324e-02
1.133197549262595222e-01
7.426077204314585067e-02
9.283232103574351468e-02
1.068429884747869596e-01
8.218537233873733638e-02
1.310632667192733469e-01
2.083561694949879334e-02
1.058807063778372526e-01
7.415582475001994411e-02
9.797001189716009195e-02
9.403037826865312532e-02
7.609131618003794895e-02
1.154264886562685333e-01
1.064726060521920120e-01
4.434771879730819988e-02
1.022131344345367787e-01
6.127382073193674006e-02
5.189080702609508156e-02
6.954893150406736557e-02
8.400928725058230684e-02
4.447424458449449752e-02
5.563143391612203337e-02
7.860328009632658319e-02
5.962094428083674486e-02
9.379393544267622396e-02
7.472999960186947621e-02
4.489171186096779786e-02
9.252647537912020437e-02
3.568249480584993055e-02
2.188012672608556641e-02
6.133743101187113383e-02
1.065456772533445451e-01
6.298461107253608415e-02
7.756687863562475305e-02
5.702706090108917991e-02
2.464791552125257523e-02
5.175542477204575498e-02
8.156447889197393497e-02
4.375673461974316503e-02
7.405534587746043229e-02
1.091723023680023774e-01
8.904239484206435962e-02
9.916925322722773550e-02
1.096714378758117669e-01
1.291709007489953431e-01
9.599914427952845053e-02
1.136391848921356335e-01
1.221872268213855667e-01
6.076134752142976075e-02
6.989937109540875215e-02
8.364517872534439624e-02
6.929969416648365521e-02
7.730184903939174568e-03
1.135402009613564744e-01
9.779648848295206809e-02
6.495536235355149624e-02
-5.922415022860005873e-03
9.241671314282416672e-02
1.983428123605203430e-02
8.654572119619698134e-02
5.961149551949161685e-02
8.783999216594694237e-02
5.095633758420588244e-02
1.214881258746242920e-01
1.239299225584289399e-01
7.010803688954481139e-02
7.548517592330439285e-02
6.051438251976031663e-02
1.213437333420769870e-01
6.427057073927530673e-02
3.830576660898898922e-02
6.843327619889261193e-02
7.647828996027002113e-02
9.814909531102319895e-02
8.676846456991695045e-02
9.196869798462102563e-02
7.041829414485548111e-02
6.863680148377894474e-02
1.146383468752101009e-01
5.475837005371254201e-02
1.066548802471216362e-01
5.432569414545357356e-02
1.108123783940876267e-01
5.571235621518884351e-02
7.134251855071779835e-02
4.230226596956125629e-02
6.720484669649504084e-02
2.207129913010451305e-02
4.898376255495190401e-02
7.367725485287676679e-02
1.142615414652469047e-01
4.017843675935185016e-02
1.099556389594421313e-01
1.020455704781134398e-01
1.069552882676976652e-01
1.196327959102515825e-01
1.228688347153489568e-01
1.125852390627300748e-02
8.024886472072860488e-02
8.791651890008445047e-02
8.340529573867130897e-02
9.877941875823932627e-02
3.429226055466035039e-02
9.750014880898230651e-02
4.172761241232970930e-02
9.702159466496364237e-02
-1.224696397218894006e-03
1.033176122916955875e-01
9.686127251796974869e-02
1.143245900392156483e-01
5.718768446832751817e-02
3.343384856908278302e-02
9.138669149178063611e-02
1.080458768397466601e-01
6.748400199697041080e-02
1.152355650263523767e-01
1.044122388934923262e-01
1.965642400662856795e-02
4.045759337617774870e-02
-8.895287279021918403e-03
7.502460584404252453e-02
2.843228550116889963e-02
3.480594718487215605e-02
9.128579708965278705e-02
8.482565907738420785e-02
7.363823070867303588e-02
2.488935267555317243e-02
8.169268598891790689e-03
6.354049689365916243e-02
5.175613141612923906e-02
7.587431791969538597e-02
5.415418734762193070e-02
8.311624433531582257e-02
7.713970582098798878e-02
3.566338517846971701e-02
8.758215519484204015e-02
1.063650722560581657e-01
9.465845774531803092e-02
1.388037139772239359e-01
9.838065514487151497e-02
1.125691645868175939e-01
3.974698508492693905e-02
1.280497848862621468e-01
1.623615176712049635e-01
3.367395410666605693e-02
5.680357870577533441e-02
1.311023408926445533e-02
6.414635595452919392e-02
8.427354683903205690e-02
6.639277574464527709e-02
2.068499679450422346e-02
1.379403773562893343e-01
1.354387978605873788e-01
7.857317715134029545e-02
8.578273301224087488e-02
1.041010369970701288e-01
6.715818327598915838e-02
7.268068122858498126e-02
1.310597460700677064e-02
1.279431369731240109e-01
8.425382993431790313e-02
3.637163842832913385e-03
5.741740114810421625e-02
1.014824225226318710e-01
9.688739052668000895e-02
8.819218035806382361e-02
1.021615918635769144e-01
7.403197404375995438e-02
9.592450905194394029e-02
3.144983767303591304e-02
1.044130344332086097e-01
1.077923513227934393e-01
4.597345523457864458e-02
7.664620770296627639e-02
4.833578781133545527e-02
1.303337857923305559e-02
5.204186164895810429e-02
2.960675128371385856e-02
1.064724112662116806e-01
1.446075158247584758e-01
1.075108148320601115e-01
9.586909075432045735e-02
6.274566964044897555e-02
3.060116020095462325e-02
5.554080562028398949e-02
9.063811368620137976e-02
4.727390549460563224e-02
9.129622409412467554e-02
7.857019445480384334e-02
9.692921763863406037e-02
8.857192832113403025e-02
1.138290560436832910e-01
1.148872016364653470e-01
8.630935122013476402e-02
7.473031685549766379e-02
4.045147185056774397e-02
4.336753448718759507e-02
6.637591144092426509e-02
2.598197949698112519e-02
6.559705412275600167e-02
4.745822431857760204e-02
1.108502701084598252e-01
1.068760592479607030e-01
6.664256235354326652e-02
1.666171620051357799e-02
1.467577592633514671e-01
8.205189629307169108e-02
7.767029214873660825e-02
9.978764122635225275e-02
1.017650783686465388e-01
1.057784261275193649e-01
6.781315348196136072e-02
6.160026795387810172e-02
1.192914257882134732e-01
9.534028013905682108e-02
6.723001643323285592e-02
1.291351866285694316e-01
6.980773357640093768e-02
1.124087202139860964e-01
9.323206332488312431e-02
1.102009090689785864e-01
2.423714264975848631e-02
1.167931609514598901e-01
5.482130863461420756e-02
8.141879727636473774e-02
5.890000891131533245e-02
7.069407152331867727e-02
1.411521152714700911e-01
1.195000169764961206e-01
8.197595630967161040e-02
1.033354235240640240e-01
1.045493902833223021e-01
8.204655168432120615e-02
9.986406259387786699e-02
5.179007008680996949e-02
1.265773735327634097e-01
9.766539576529953415e-02
6.813128661749204285e-02
1.313346537681711335e-01
3.341669765746101139e-02
1.029855317531491177e-01
7.393699417022253639e-02
7.685670086188649275e-02
7.353959063321532930e-02
1.339727805203544397e-02
1.211674279358631034e-01
7.921383633021707171e-02
7.603835320273147347e-02
6.292625503437623835e-02
1.185420451944517312e-01
8.094727241654275929e-04
1.230544126882220646e-01
8.679188591094336158e-02
4.142648267030232118e-02
9.489441459359722331e-02
6.779270674316661971e-02
6.859616382077654562e-02
5.594190546810130782e-02
3.508970095792406790e-02
4.980356884722959843e-02
1.400366648486139898e-01
5.992515210025169126e-02
4.800989609007995373e-02
7.035408680691832006e-02
5.434918858763989474e-02
7.871209211839265418e-02
7.789777348130712264e-02
2.408845211438614964e-02
9.559976326301229677e-02
5.247172413389075002e-02
8.722827367615736127e-02
1.113133215576572327e-01
1.430557927820106379e-01
1.026711598748058091e-01
5.823083677458421731e-02
1.088052171685969793e-01
7.266567643722816883e-02
7.867116179193968384e-02
8.463705407672547643e-02
5.048270407375703150e-02
2.752613452719143705e-02
1.231546300929794169e-01
1.031036808967931984e-02
1.857515351820158978e-01
7.408711160785508287e-02
8.384632553248612397e-02
6.857989599843854200e-02
5.850771068545685544e-02
4.470062575068863009e-02
7.241176521283325396e-02
8.026157538714601136e-02
1.622630078932764675e-01
9.822804224689116182e-02
8.248543359170849854e-02
1.398001008821943003e-01
1.026843515843104404e-01
1.412695348872243795e-01
5.869448635609297166e-02
1.130656208914465471e-01
6.329617350870880843e-02
1.230914058824600088e-01
1.076497818064037770e-01
9.965007283381216441e-02
1.107636015251660944e-01
6.984904212498058151e-02
4.637866408282060454e-02
6.929176824746528796e-02
8.281501452913866967e-02
-1.626221342690650773e-02
9.955130049079063959e-02
1.035331248122832726e-01
4.368158376630458528e-02
6.412818223150282271e-02
8.694910607216588261e-02
1.035801938175683196e-01
1.020712153378801335e-01
1.134597775631381311e-01
9.924741081195974368e-03
5.447262277807814190e-02
5.006057741979769160e-02
7.594027129423719380e-02
8.934112642209295074e-02
6.064878238404317057e-02
5.449875393573656857e-02
8.231887544974526849e-02
1.038000478705427831e-01
1.349832625025853827e-01
7.426333661175782419e-02
7.828529829867264533e-02
1.076135603749657638e-01
1.279220049057115116e-01
8.962941093367506051e-02
5.617183396341825230e-02
5.699892823314672147e-02
1.484312251009214101e-01
6.951211953089740658e-02
1.262700422313131066e-01
7.681553078097558274e-02
2.477453575175293105e-02
7.696491514095105124e-02
7.402590736607081445e-02
5.294815502226198067e-02
8.775569690168466552e-02
3.099502727307761746e-02
8.439391395215610492e-02
8.475728441560570481e-02
1.132017775941997900e-01
9.112604014676273234e-02
8.941534159398666082e-02
1.094223149542930540e-01
1.257086895439583074e-01
1.126198533677801039e-01
6.118874154293682532e-02
1.204923403468701054e-01
1.072441032341811956e-01
1.429327402134845937e-01
6.112618711552594841e-02
5.385230359342570161e-02
7.569133239146150216e-02
8.781669701265353012e-02
9.169200630856433332e-02
9.501285123956987322e-02
5.968347278827024899e-02
9.832717423517714495e-02
1.291398275095596015e-01
5.797737224069866857e-02
5.725706937562940330e-02
1.062272244408426353e-01
1.957277491110322176e-02
5.697236341277829574e-02
7.504423361726592079e-02
6.079382131883686452e-02
3.488028398982478961e-02
5.139881207729432577e-02
1.420389722267548227e-02
6.217928436151905214e-02
9.379538403687628922e-02
3.239496856901462329e-02
8.628544038322356891e-02
1.101014643411570293e-01
3.326529436662006844e-02
5.549257614687658213e-02
9.214194484778406857e-03
9.197825269902763778e-02
8.092961980231050401e-02
8.268349393213243748e-02
9.627039952593866023e-02
4.907983894390403889e-02
6.934041229916776405e-02
1.274522418835050963e-01
5.347179003636895467e-02
1.442407217881936654e-01
6.088480677074269848e-02
8.802138311697568773e-02
7.351619774931696105e-02
7.204627678950351055e-02
1.068683713396847978e-02
4.478020837926728615e-02
4.960984964459417418e-02
1.404886875185803741e-01
7.674552204720563875e-02
9.339978680667723743e-02
5.229052981470409811e-02
8.960086500456618253e-02
1.079782478702627779e-01
9.256092111605895845e-02
3.177056511081850776e-02
5.624400169818429690e-02
7.506353959146391808e-02
8.624070398401059712e-02
1.064465982341341876e-01
4.330946995423461121e-02
1.021264462280673108e-01
1.286216449297485909e-01
3.359144464122089391e-02
7.845548037516483775e-02
8.612660020526906324e-02
1.087627755814256775e-01
6.603999766020238193e-02
1.402193550262043620e-01
1.073774076214762535e-01
7.162378237143554593e-02
8.836133741839316547e-02
1.406129649488377376e-01
4.556088054510946950e-02
7.718895854638790910e-02
8.984109986425503624e-02
6.438883183971765012e-02
7.984213360875283549e-02
1.198536600738571434e-01
7.937983018651972866e-02
1.264398879704778100e-01
7.532697165487280133e-02
4.761236239081326205e-03
1.280385197352270910e-01
6.533241434794705149e-02
4.086751246889037958e-02
1.374757566140859810e-01
6.729884921193926561e-02
1.340865876675746415e-01
7.750725897687353594e-02
6.819374424606439167e-02
8.383621093286784676e-02
8.237938515933057593e-02
6.289870081625364984e-02
9.229951545577137761e-02
7.426132871404902969e-02
8.293768785569669011e-02
7.942796803781447534e-02
6.497126345391905644e-02
6.746098812485684659e-02
4.836010700173665189e-02
9.031660472327499023e-02
8.280533700017174426e-02
4.316680115209968471e-02
6.985338112037588199e-02
5.824533448741674169e-02
1.151654639647701345e-02
4.672775292312296436e-02
8.221458957049976313e-02
1.729235651510202532e-02
8.927210894554134246e-02
9.090099442699312027e-02
9.899810972112782492e-02
3.498731674533167579e-02
7.606496870001230870e-02
1.075324620589728081e-01
1.074857392666095091e-01
1.087239378079395274e-01
1.937152856832378978e-02
7.635247569413936009e-02
4.595338736881726671e-03
-3.016179776893668230e-03
2.236030924871941494e-02
1.483973963776768212e-01
6.725024529336792734e-02
8.157447071076714962e-02
9.513774476901278032e-02
4.515231059806962266e-02
6.107411817896553352e-02
4.046452294627195245e-02
6.235728194843951494e-02
6.655540899486137030e-02
8.205358158709681604e-02
8.695884412512075445e-02
5.163991358803968201e-02
6.944381532892038300e-02
8.165202254679275462e-02
5.825401760804951867e-02
6.763852993233060440e-02
9.418016270055945549e-02
8.053180284956754087e-02
1.025193324520318611e-01
1.133769312435520954e-01
7.005142222303703536e-02
7.966359544992696051e-02
1.124451204495543893e-01
5.067621467819673903e-02
9.845368774262197586e-02
9.372822765579437443e-02
1.232720174366873922e-01
6.180437623417379955e-02
1.168151011337990736e-01
5.704785686682396079e-02
1.276478507365002846e-01
6.825386172428490883e-02
6.815183350285307362e-02
4.013561569225956860e-02
2.745500137232693288e-02
5.163887231362111752e-02
8.745456187964478767e-02
5.134630697374596708e-02
1.035332098065321615e-01
7.804684984518323043e-02
9.304169361813456607e-02
1.180696452771702182e-01
5.510411886768992046e-02
9.070004357040051257e-02
5.997893751298526144e-02
8.787284148480267731e-02
9.612841802036639627e-02
5.574572346062407757e-02
5.249773339572030850e-02
7.446948334356678911e-02
8.173494671631514885e-02
8.152804386387332847e-02
1.164832754615893612e-01
1.036636993067841100e-01
1.104153610696655824e-01
9.845841077987116385e-02
1.067293951016360376e-01
6.132372374752831368e-02
1.025711329299936886e-01
9.774193633839212136e-02
1.285635478150125299e-01
1.129112245187100932e-01
4.658084173131809419e-02
8.856432675736651550e-02
9.998353467406166650e-02
5.369497350619371889e-02
1.111878409320975619e-01
1.715207854924888642e-01
9.652672914422422146e-02
9.397012205044633082e-02
8.959251025705794458e-02
4.065341133947310281e-02
5.630802414229462566e-02
1.108343172874115545e-01
9.181793360289974837e-02
2.458742422495279606e-02
9.401980966158426933e-02
7.521038545936549469e-02
8.938929774160056518e-02
6.883600867583453131e-02
8.101540404864848721e-02
3.130651056133547383e-02
8.533063860414635826e-02
6.016974225521100339e-02
8.069694944929332869e-02
8.679103859994230508e-02
1.060619083750329594e-01
6.612077251383216558e-02
2.791658201668456574e-02
6.451893642568301557e-02
6.975432179885400485e-02
5.092835212739217632e-02
7.811559192194716950e-02
1.072632532925179849e-01
9.703104616208796385e-02
1.319483336321908284e-01
1.037602387975041091e-01
6.461050398596471234e-02
4.969501210854488510e-02
6.421902645516591734e-02
1.024216843188199833e-01
8.311201161428576067e-02
1.073911690292050358e-01
7.440319886613439015e-02
2.260609712902651031e-02
1.315830477836273382e-01
8.603647606700999539e-02
7.967156489841267786e-02
6.206164337202875469e-02
7.362492785439628262e-02
8.665348305770571857e-02
6.239606257757070173e-02
1.197433849112011783e-01
8.629111287883507730e-02
6.286578545092667836e-02
6.337735112838539797e-02
1.189264255601616138e-01
9.242391626259685578e-02
6.172841544728396163e-02
9.559591297855229985e-02
9.759649399772550582e-02
5.966609326005141434e-02
1.152233236774380387e-01
8.617902596077522959e-02
8.347063315735313294e-02
8.832164931592445534e-02
6.116462295535288196e-02
8.694289180793168814e-02
9.780924317984421301e-02
8.334589115073649801e-02
1.436691018843788692e-02
4.488628769928125484e-02
7.873240204432230271e-02
3.181487876235361556e-02
1.301471104388115807e-01
6.526214390752996253e-02
1.315240859993065947e-01
1.114373904439013296e-01
9.699711261874877088e-02
1.192604443978666356e-01
1.456560556152141639e-01
7.152898476678445916e-02
1.056830582120210360e-01
1.183083704207078951e-01
1.014108897174441637e-01
8.844734662767732292e-02
6.000899133301709765e-02
5.459355087962063785e-02
1.381476058882613600e-01
1.034699812556150178e-01
5.193426660602038641e-02
9.969318244079206082e-02
9.754880374983748714e-02
4.874256809714594407e-04
1.320800284794976243e-01
7.556727939136301253e-02
7.140807545077923479e-02
8.865318680663811235e-02
3.968201403023584317e-02
8.936751404418397104e-02
9.773732334883532269e-02
1.265564671223846638e-01
3.289831910156000572e-02
7.120141276586398893e-02
3.199774068233164626e-02
7.572520587598927100e-02
2.246521484205622754e-02
6.907062859239486430e-02
7.175337379310835206e-02
8.080358913153586065e-02
5.077747983887576089e-02
4.727007586422653229e-02
4.756707051160001531e-02
3.316958426689771422e-02
1.160786573179837106e-01
2.396853119105757379e-02
8.278909703861034308e-02
9.068172967031756793e-02
1.040024260677716583e-01
6.682217794163189395e-02
6.240529195283335551e-02
1.204322020436770224e-01
9.895228444217650521e-02
5.163652698015539638e-02
4.313016236938962966e-02
9.799569860706189295e-02
4.919158057748973523e-02
1.034341309274039028e-01
5.928426090550748678e-02
7.134401473637462521e-02
4.633693772640207209e-02
5.058348125980993704e-02
1.096250009299976069e-01
6.897244565509205727e-02
6.313924110428784098e-02
1.101455765815207433e-01
5.947492505069923441e-02
1.175737806307693839e-01
1.031832507029358387e-01
1.035422585114540162e-01
5.671112371260296492e-02
8.413718378590989699e-02
5.629438575292607799e-02
6.106457303880416521e-02
5.967102334448688011e-02
9.724257433857647070e-02
5.610851160959966222e-02
1.134154793197434119e-01
1.194048818339151219e-01
1.255836459495483226e-01
5.214989142876323702e-02
7.471859418311724288e-02
7.802934610712643215e-02
4.880075531681819095e-02
1.237652034993768635e-01
7.074362191356209362e-02
1.052514500233040495e-01
1.045737289476739579e-01
1.225853079532367718e-01
6.433444141404622008e-02
7.463239493220828746e-02
1.177836837836713502e-01
9.197299631226260597e-02
9.062578981246056931e-02
1.023879841881749353e-01
1.138176307490610661e-01
2.477629644626368199e-02
7.717041242856112482e-02
1.182381489494735705e-01
5.864939177823040584e-02
2.284860284115354523e-02
7.935289890176223937e-02
7.083653189053545907e-02
5.823937655076059927e-02
1.227470372134545351e-01
4.186603685310226475e-02
9.713265565033404880e-02
6.594148614382303042e-02
1.045734847125063260e-01
5.103675423067696726e-02
5.952943395203568605e-02
1.017468821113239191e-01
7.058607673328839982e-02
1.043372854331217209e-01
8.617460520652836520e-02
6.825919456436266297e-02
1.075045164140489978e-01
4.568669139765861587e-02
4.946805806638991665e-02
1.020028001055459099e-01
5.651126101260825485e-02
1.354591929772314685e-01
9.440548128033429687e-02
9.346697861668912255e-02
9.706977034066052723e-02
9.684410652868090386e-02
8.380946544625778039e-02
4.995015170865843568e-02
7.977460235368025177e-02
7.495996921087595688e-02
1.486012527572150854e-01
7.887852353948282547e-02
8.511703844895635029e-02
7.439949258909828167e-02
6.810550581095720091e-02
2.021226938882293711e-02
7.449813772249709587e-02
7.929508959493061782e-02
8.341015863411262166e-02
1.591206487097444611e-01
1.107988685238620874e-01
1.224466470996889572e-01
4.900378823104434289e-02
8.159719051329947237e-02
6.518724405597746407e-02
9.505942829645903924e-02
1.216194871250237119e-01
1.193269196963813034e-01
5.786818261172145539e-02
5.913659467839532669e-02
3.292518506082744989e-02
7.698716528049771857e-02
5.967362323097743365e-02
8.086149517936655484e-02
4.609129573748274589e-03
1.297646306585811815e-01
8.804398094389018214e-02
1.828470838022810963e-02
7.841306313273997686e-02
4.589715535028230514e-02
7.877037614665831355e-02
4.728550506809993392e-02
4.270034119492874258e-02
3.814834930697663662e-02
3.847359426863639076e-02
9.004763076919407305e-02
9.935143555230137313e-02
1.407816552094547091e-02
7.614162246505107312e-02
1.084703372831595236e-01
5.192502851818119741e-02
3.273500578073096356e-02
1.033428057593367005e-01
3.641070041325760592e-02
8.593335305989277528e-02
7.275532345413197877e-02
1.439994540017093538e-02
7.652595470770319486e-02
6.963364856713853690e-02
2.621643967353388949e-02
1.280642150265812740e-01
4.992990941354146645e-02
1.246570073439197818e-01
1.049406626851438623e-01
1.429125403919406789e-01
9.344929417921003789e-02
7.656026567407642203e-02
9.266553740562001595e-02
3.610078710614403330e-02
1.052307322810759338e-01
1.194792056941530456e-01
1.236268337972889209e-01
6.390155972927892558e-02
8.817663155480462422e-02
4.753682311522018644e-02
9.500921951282753630e-02
6.589828270630290752e-02
8.479486027656872593e-02
5.885403033406670648e-02
7.438345589130476720e-02
1.249473212536642841e-01
1.023234879996805236e-01
9.427064667311232937e-02
1.003247894986317446e-01
2.702799367808597641e-02
6.909487250061634167e-02
7.589060773328409892e-02
2.051646746787863518e-02
1.572935042573075926e-02
1.027788392848272003e-01
6.687335625208452872e-02
6.926932040191335904e-02
8.921664732866139980e-02
8.054343458570714653e-02
1.344529766654128378e-01
1.441603684792900908e-01
1.051455878332350213e-01
1.137530919224729042e-01
1.034444896828726479e-01
7.595272479682015077e-02
