2.967702606903822871e-02
-1.164272423088939107e-02
7.371043526345907870e-02
1.374739215440245466e-01
8.791226490809353478e-02
1.194575376298132735e-01
9.436720793656901141e-02
9.437924659989903320e-02
8.998877266217300552e-02
1.022064825582834069e-01
7.987218810325891205e-02
1.115519796440429950e-01
9.438559129622293986e-02
7.818064666623697478e-02
1.590231018842372668e-01
1.769643862254434707e-01
1.680348162721271854e-01
1.584337854562870573e-01
1.016139156180104197e-01
5.708073790298887062e-02
1.467775857924705496e-01
8.780715861853753690e-02
3.648849497743963943e-02
8.393660798879437612e-02
9.924332717710623863e-02
8.722135805588833446e-02
1.107202994392082335e-01
8.849117864930292066e-02
3.565464549668995869e-02
9.268198998717641635e-02
8.186196290348898841e-02
5.939472481249861990e-02
4.290253520700863799e-02
7.306068496807456569e-02
2.587351832259934120e-02
1.243971943486208986e-01
9.434493250175832180e-02
7.191145289505575244e-02
1.450018638040663221e-01
1.484407793492154570e-01
1.007894467055273080e-01
1.270125862551315932e-01
1.030927778646787002e-01
1.140359475461773797e-01
5.821505043263845713e-02
1.262970671027586200e-01
6.688499195341691961e-02
3.918611501426009364e-02
5.765788895539596809e-02
1.121991727985555687e-01
5.024030650335167825e-02
9.355621828457878764e-02
8.370967116784733264e-02
3.608621553021142819e-02
1.257263802836201538e-01
7.679304073070791770e-02
6.571559897451245691e-02
1.744006851669614167e-01
6.996837139991118892e-02
7.274197932719927984e-02
1.200343407766666093e-01
1.158024221338143644e-01
1.646997367363415427e-02
1.128237395724721315e-01
9.546403285375650027e-02
9.318495258483236454e-02
1.203521576708427854e-01
1.178769224135061272e-01
4.265148287674645766e-02
1.320745701442983810e-01
9.949418917059170420e-02
7.187080860276670591e-02
9.250363458658987514e-02
7.601874476796212365e-02
8.755706157024063796e-02
9.953133093598820480e-02
6.409320236488681710e-02
5.809764398505593702e-02
7.513298978088384095e-02
7.583903028038169181e-02
7.953682263339259539e-02
1.561339386008130659e-01
1.150003253381871177e-01
8.281691924797163207e-02
9.741970370750337171e-02
9.043097956013169958e-02
7.339476694937294154e-02
9.984429890025725562e-02
2.851764122784487820e-02
1.236526102851481512e-01
3.012498204617488837e-02
4.692569397650901697e-02
7.582765882244239808e-02
8.567331190338758895e-02
8.597380274696614366e-02
1.063498581140385896e-01
9.697606683248241599e-02
1.321811271502491003e-01
8.675634653531467955e-02
7.932587311497740767e-02
3.590896046237885414e-02
6.660772448316831795e-02
1.116962024386027319e-01
1.066575081186621615e-01
1.205110835677460079e-01
9.373390679396231828e-02
9.160503090324113862e-02
7.884570489561523732e-02
7.908369965474773555e-02
5.742181381928966599e-02
5.357254616118438395e-02
1.177365941947869366e-01
5.755805826514337475e-02
5.732721912128511954e-02
1.079855092248778181e-01
9.923331059360594730e-02
1.145098612706026975e-01
1.378211139834353005e-01
8.972800594478529124e-02
1.161497666911639193e-01
5.513621448256649654e-02
9.984849422309234612e-02
1.194536880748066077e-01
4.187349601899693907e-02
9.767140867631060597e-02
1.381075552766405923e-01
7.674628241137321227e-02
4.028385503701218534e-02
8.658882301016027072e-02
1.373119188980482797e-01
1.371263546910631015e-01
9.906353081338756250e-02
7.932838086677346245e-02
4.776186982718291785e-02
6.908430297453417579e-02
6.196243580419415198e-02
5.503698049984272200e-02
1.497805573680127955e-01
7.091000345071685196e-02
9.865639013115884426e-02
7.042108614693164126e-02
1.041711576380699444e-01
1.128122481692468843e-01
1.231135469802346893e-01
1.580660726015214457e-01
6.232740767528978376e-02
6.919371337246535414e-02
1.093808094979121237e-01
6.613492442528762227e-02
8.525007813356591524e-02
5.458000583694619379e-02
6.068370015770215703e-02
9.883150493478849719e-02
1.688611201130585660e-01
1.015633050609639348e-01
7.059479944164115395e-02
9.831823915474821596e-02
8.131152699414342933e-02
9.751270961081423549e-02
5.400326622171646579e-02
5.895008810017959844e-02
1.095480022418658800e-01
6.147150117146288339e-02
1.072230884686764252e-01
1.035805074140717791e-01
7.035047463473095841e-02
1.384967091368521919e-01
1.380003910286387858e-01
2.792491231259813800e-02
6.425291032291860494e-02
7.896957600768261809e-02
4.495135172604579343e-02
4.871857831373643116e-02
7.803810677219359671e-02
4.474804580868916443e-02
9.588411068049125519e-02
1.349466757722500021e-01
8.627810557213613785e-02
2.353752235523109623e-02
6.806384470599474712e-02
1.486251847120817204e-01
1.033469046121435614e-01
8.337490340087350127e-02
8.043712593153903856e-02
8.926716626999217641e-02
7.362307973791118454e-02
1.031001686154615349e-01
5.429399453991944763e-02
9.410219214906496987e-02
1.073161725881546236e-01
1.001033429082288650e-01
1.413459765484117447e-01
4.223219022583779569e-02
1.024124785406693161e-01
6.611642041557300176e-02
1.137010407433263204e-01
1.077132217956288385e-01
7.671368514437740260e-02
6.632428765925078851e-02
6.985434018968667003e-02
1.021831866086692769e-01
6.108357930088349763e-02
2.323351923366586552e-02
1.660219347180514338e-01
2.124355436879010392e-02
7.531153049609323746e-02
1.080579248012110416e-01
1.015786792618566248e-01
9.636514137649626610e-02
3.173361453818837608e-02
5.561864370537593361e-02
6.625177861510422872e-02
1.230657085171240062e-01
1.496116338416121072e-01
1.525030519239504168e-01
8.931176630301329578e-02
1.183612137710751272e-01
1.515500597266063523e-02
6.330835469052345510e-02
5.045103858073823888e-02
5.930583238955099146e-02
1.163021519083510952e-01
1.001428970110871952e-01
4.806164891023203406e-02
1.140209561860620335e-01
5.314234232811699404e-02
8.210342004483583978e-02
5.211855986162001325e-02
4.796799604324591265e-02
6.046124855139162202e-02
1.274756116644522042e-01
1.088983853261887708e-01
1.137361296019642198e-01
7.982083114178199768e-02
8.897080161189774294e-02
9.277646507903139494e-02
9.876653116310230018e-02
5.228903921573507807e-02
7.993258443768096189e-02
1.288282287503057233e-01
8.761338573795755813e-02
1.372700023095355104e-01
8.008160685582500771e-02
1.282240115204941744e-01
6.065643941911682407e-02
9.348550281809606122e-02
1.208397974543800046e-01
9.849237659438539461e-02
9.919885734265257438e-02
9.642458869302300561e-02
8.309417480604096296e-02
3.336114728778579591e-02
2.899773184889026592e-02
1.292782530393914164e-01
9.189351118319154244e-02
1.027363034968865746e-01
1.090223844516965968e-01
6.229448064704262017e-02
1.050264815411772884e-01
1.444502645690980414e-01
1.214574745886340401e-01
1.154737287486722469e-01
1.495573432114211954e-01
7.153705600010203114e-02
1.088614712085176628e-01
1.126342413419591793e-01
7.210550145614778861e-02
7.270547351385794888e-02
1.161535080542114157e-01
3.860339071628942492e-02
5.589620825833492568e-02
1.146489521960409735e-01
8.108549208953236276e-02
4.370250126043125766e-02
2.558525966470744789e-02
7.872297318189330761e-02
2.857134525705580519e-02
1.174947482763661066e-01
8.844740729823066805e-02
9.945859710763668704e-02
4.443639874101657644e-02
1.035624204144255101e-01
1.749147143942354488e-01
4.793577163200542224e-02
5.095887322079112325e-02
1.302655156484987808e-01
1.010030090168722999e-01
1.043759802510619977e-01
1.109482876364830950e-01
1.229912663330995359e-01
1.510571064608648983e-01
4.205968382849545328e-02
1.096259507802493094e-01
8.388405438939354475e-02
7.907256094120933276e-02
1.156589785703483614e-01
5.132848523834510068e-02
1.261154211288365579e-01
6.971154940979955306e-02
7.345298149946058452e-02
7.125347307960724907e-02
1.376598244983046893e-01
1.244030549552215259e-01
7.633916711330834826e-02
9.056390487020772595e-02
9.471308799183920935e-02
9.486132640151784257e-02
8.661973230968303405e-02
1.708614578513626692e-01
5.472251734024618369e-02
3.323953531014060825e-02
1.379438451345322558e-01
1.452749709653076704e-01
9.248566090254481398e-02
6.256430669379255127e-02
8.239579801237181811e-02
1.296343430002058206e-01
1.634173734383029819e-01
1.217909245729583007e-01
9.125308765234133035e-02
4.146747677664926884e-02
1.091816517358255023e-01
1.181790451090047045e-01
4.467538595223344983e-02
4.339418169115201451e-02
1.450697835437081140e-01
3.310091380770070063e-02
1.388500650059941999e-01
1.316415235731380196e-01
1.455778097624560175e-01
1.526293926919648491e-01
1.257680775120792183e-01
9.834212343800440015e-02
1.191964142468848464e-01
9.923476370155291659e-02
7.456287010041656727e-02
1.141001503085484203e-01
1.426762043425190973e-01
1.073176549948641756e-01
1.565890077614785075e-02
6.262684026094526846e-02
6.842265904585392855e-02
6.548656560772525559e-02
7.853576652143709480e-02
5.453250697433217886e-02
1.004229297853727887e-01
6.413829101000037558e-02
1.055963190841203020e-01
1.057890186044604108e-01
7.323343943428600733e-02
5.233525203774192641e-02
1.004457974783927870e-01
6.389143383095578776e-02
9.161528886283802631e-02
1.321174645727778429e-01
1.018131599721170677e-01
1.003951413192890191e-01
4.163316661527981244e-02
3.992482440257452692e-02
8.545912159484808646e-02
8.513624870375229026e-02
9.160038010433818600e-02
5.073792496309117300e-02
4.449500954175764078e-02
1.078080681704922383e-01
1.021879217453623839e-01
8.096538364435121315e-02
9.061587949782932971e-02
1.062526752924588536e-01
6.825286933864341266e-02
7.200491970806985331e-02
1.177068834273989062e-01
7.225830206057658189e-02
7.395909189732674527e-02
8.645492020634085173e-02
6.365544727783212231e-02
1.063857355337415045e-02
6.839422090713405400e-02
1.153786018668539609e-01
1.574560358874890209e-01
1.318032740562739835e-01
7.211980332387545045e-02
8.720439428299851803e-02
7.608451125678991622e-02
1.003199508219750347e-01
4.513061196007444459e-02
1.127505086040040683e-01
6.193128751172379681e-02
1.212916947721232735e-01
1.014602345717190296e-01
7.588069876188072160e-02
8.785539769288386314e-02
9.093470044860681167e-02
1.030538292748487406e-01
8.973928354537250018e-02
1.042214927330464280e-01
1.115261110088289626e-01
8.320202670953064095e-02
7.600629420826771065e-02
1.205506245180546637e-01
-1.755224593504228076e-03
1.229723197439814147e-01
1.330254910619325104e-01
4.993670578865850446e-02
3.720148976909021243e-02
8.340077551010111057e-02
6.766203338365074649e-02
1.070040303969451156e-01
5.087469817169078257e-02
5.076641744174777843e-02
9.442034297011564492e-02
8.736098385288361412e-02
1.039340849862582239e-01
6.341380331703375117e-02
1.247638778365442042e-01
9.710289672561089880e-02
8.971916453643824507e-02
1.218122284932173088e-01
5.323409801172564182e-02
1.074884636608598870e-01
5.697462647905320726e-02
1.479832887003363628e-01
4.046058203462025299e-02
2.477107951116670759e-02
7.781011217697647586e-02
1.138968167428341949e-01
8.389966349939328993e-02
9.416013059217674674e-02
1.014776002789363751e-01
4.683646621844895358e-02
7.359577665607386354e-02
9.747825877081250923e-02
1.428659169850544641e-01
9.918748890986264777e-02
9.770558667902634609e-02
4.930120027767879998e-02
6.100561834710239995e-02
1.271814970546330803e-01
9.941463281020790355e-02
9.582884579632794386e-02
6.498698332569094460e-02
3.396973447465811285e-02
6.819810208033448562e-02
7.655829555000824571e-02
4.411811516218193396e-02
5.757282914987289779e-02
2.140893243497410392e-02
1.270767006233885499e-01
1.150272572546574001e-01
1.094405387632390869e-01
8.062810869106536160e-02
1.356927819318532735e-01
8.896636607056850055e-02
6.473978452720194343e-02
5.909437317269090884e-02
1.154207053493888496e-01
8.136019900298493979e-02
6.227375844780263375e-02
8.850151892850063873e-02
5.355648726323550962e-02
9.305345147705870734e-02
8.122951540986816932e-02
7.909639720957620246e-02
7.088948517022951312e-02
8.709346331009859554e-02
3.004406816935680652e-02
5.763055117601378896e-02
1.131964708345356424e-01
1.481358550588116052e-01
7.485631761688882335e-02
6.574736454728646873e-02
2.557374138194244695e-02
1.053101405832567589e-01
1.003810171199311790e-01
9.570243206974231309e-02
2.603835663973691136e-02
7.010436910767460506e-02
7.662500237048210094e-02
4.336117524716018301e-02
1.595905480297614698e-01
6.539173900705026743e-02
1.023509932234103748e-01
9.390626024041175135e-02
5.536407850782772144e-02
7.939316149760725083e-02
9.551891692483624463e-02
1.589835905562980989e-01
5.499345834021471258e-02
9.329901534140433439e-02
4.149250730792541919e-02
8.925459915688281620e-02
1.290306556684922279e-01
9.289003923946291541e-02
8.369275381009896875e-02
1.242889303589229805e-01
1.175252926456260977e-01
1.053252522896837157e-01
8.764466012518618010e-02
1.212160577152575497e-01
1.033793273473450902e-01
4.159321405659238691e-02
1.268525308458851308e-01
8.428029228406806739e-02
1.520059916304472569e-01
9.996983468793663175e-02
5.934455786677840516e-02
1.092095413889720007e-01
1.285701595694391797e-01
1.199457826422052759e-01
5.561110793166211541e-02
1.048385484320019795e-01
1.112497387629353268e-01
1.369162428108033347e-01
9.975713782715064926e-02
1.288693166876450080e-01
5.234882982412922270e-02
9.416953995131352451e-02
3.686536008382845786e-02
1.585486434050401572e-01
1.365336554241871891e-01
1.841744453469575382e-01
1.141787457634773351e-01
1.520096272967558226e-01
7.159175172345820515e-02
7.165691129304138651e-02
5.335887746175405066e-02
4.101772690529813942e-02
1.030699560325107900e-01
9.284395054456509588e-02
9.180535691028041123e-02
1.027480647599836594e-01
1.310940250855598954e-01
9.270713670299940423e-02
8.104936605614973533e-02
4.463780368715530855e-02
4.702048694416427477e-02
1.108112764601829753e-01
3.474391876689773839e-02
9.577646418292465325e-02
1.025579018962593514e-01
1.545842763174046230e-01
9.015209420799133455e-02
1.142642821169158746e-01
1.067468477556498263e-01
9.423326796582910669e-02
1.186474855817654245e-01
5.292604644471603226e-02
1.176716814755539575e-01
1.741650332784385261e-02
1.127634432951236387e-01
6.301962770277980130e-02
1.085712538724833698e-01
2.519871616969575345e-02
1.192647732309417008e-01
9.288566786154023314e-02
4.397832451703763412e-02
6.105439701106205735e-02
9.024542102760618745e-02
8.072093583635671366e-02
1.056149843409788514e-01
1.073305715690833911e-01
9.559703020634260917e-02
1.308993007796823149e-01
1.121660028562414813e-01
1.179770111503352648e-01
7.183777445398310812e-02
1.946454627487816461e-02
1.247325798453596396e-01
1.290546514933720856e-01
1.377043425356884732e-01
1.291165569242161415e-02
1.084310789737159691e-01
1.112532048872919427e-01
7.170107680477290357e-02
2.566495836568087174e-03
1.044192041081550421e-01
6.590502186778757210e-02
6.417223972158263290e-02
1.081040413307838149e-01
1.518180081774623824e-01
1.055101909509417318e-01
1.113890231504009593e-01
1.275615637987253248e-01
9.594557846666529333e-02
1.327768978004034706e-01
1.153603086942432965e-01
1.534363023182972741e-01
1.194191310259712507e-01
1.308649397097863543e-01
1.056450319053663239e-01
9.701874193420438608e-02
1.017971927370702190e-01
6.268904279302506266e-02
1.404652634984737136e-01
5.303157935785424160e-02
1.571945649800880473e-01
3.119440323980122304e-02
5.256756596796968717e-02
6.125558688702013865e-02
1.611520474411827775e-01
6.953573716100414082e-02
7.987623543013075422e-02
1.117431129971956649e-01
6.939535322422429875e-02
5.435104071729265907e-02
5.352204395656511710e-02
1.224892973078257896e-01
1.103391535816775626e-01
1.035703342982492448e-01
2.671298114213071367e-02
1.445383305847175170e-01
1.230291392679480206e-01
1.028988335285703909e-01
1.207822514094447075e-01
1.548537053044244383e-01
-1.186858679542990291e-04
9.543347050413766852e-02
6.988178249577284284e-02
9.126292012365988526e-02
1.068785707048597600e-01
1.209520339947252193e-01
4.986186690242619401e-02
9.806650731241581265e-02
1.451652008132803540e-01
2.934711761869273836e-02
8.989184762392928019e-02
8.379945423181178743e-02
1.123818138890494284e-01
8.585737806191488797e-02
1.084675770741403214e-02
5.285733446038828193e-02
2.689156918527875820e-02
9.572228047214195734e-02
6.315360424352554902e-02
6.447228109261238238e-02
9.230192681724903869e-02
8.377565949634135922e-02
9.179153420857232015e-02
8.893317950786801263e-02
3.708897936707954146e-02
1.052108305049296588e-01
8.706739937297559850e-02
6.024583533840922878e-02
9.475761521224645989e-02
1.187596969346991910e-01
5.894246406559010276e-02
1.292401713801280549e-01
6.790775160143962264e-02
1.322552061541083790e-01
4.826194407728895408e-02
2.277151018001607324e-02
6.575742813590512714e-02
9.495548900597199082e-02
4.518740652278328829e-02
9.893371853777126190e-02
1.044914206436265980e-01
1.057504133981755218e-01
1.290582114359075105e-01
1.080811115097514985e-01
1.208466329007792661e-01
9.159850550720052831e-02
1.332503467275243103e-01
6.769046941075919366e-02
1.361935875692951992e-01
9.257200270875928783e-02
6.595798029961803810e-02
9.068299846655632213e-02
8.543348494995289810e-02
2.667363150346394735e-02
1.015746397124781819e-01
4.107015029849157145e-02
8.118043816561877624e-02
6.705796662277539733e-02
5.062369829413383010e-02
1.145734717086489829e-01
9.575442346005785810e-02
4.769062749641649751e-02
1.140580967960421466e-01
5.773063241213995112e-02
8.590196285243560659e-02
1.007405234683266954e-01
4.773586251656759122e-02
1.834899005132825389e-01
6.340372942970497194e-02
5.572325032934892508e-02
8.518867321286087424e-02
5.014413076276186265e-02
1.213930783633114796e-01
1.199812751191308285e-01
1.240127266551842855e-01
1.082196658539645723e-01
7.925168624118636429e-02
8.694870513635827303e-02
1.030888387165572601e-01
6.721338242035493349e-02
7.343803304421617217e-02
9.463714845508956752e-02
1.134751588059387806e-01
1.220618552824422193e-01
1.021289310369914161e-01
6.504362969664244376e-02
1.226250725068548098e-01
1.341763881113100243e-01
9.579975934268274151e-02
8.368163516791259082e-02
1.561523192399008886e-01
9.539480324294426217e-02
9.032682701163538552e-02
1.381649702822311809e-01
1.360049799381714553e-01
4.620563167235306606e-02
7.455765692260010735e-02
8.800532567028235276e-02
6.046159912471781028e-02
5.106124328991107353e-02
9.425297160024773135e-02
9.006783145296454185e-02
7.809038090896321116e-02
8.587125248165786151e-02
6.309075924834907367e-02
1.070236958579326297e-01
3.713970986611700442e-02
1.117049094123584441e-01
9.071525995489844452e-02
6.851856884097128064e-02
8.246023186229201052e-02
1.010632598760376893e-01
8.629922922419439035e-02
7.108837634110552750e-02
8.161365610263560111e-02
1.108978520625889114e-01
5.521233203993011068e-02
9.549318990446904742e-02
1.017502383960303403e-01
1.205141224603909350e-01
5.724700364202579134e-02
1.002040862930282106e-01
1.052020825094800993e-01
9.345959472800255408e-02
1.303365152279417349e-01
1.216006039553897966e-01
8.039042929097237056e-02
7.579788076815527353e-02
4.247040433924730019e-02
8.050084729121786964e-02
6.831743994368733031e-02
8.289193148123666366e-02
9.188819586916480153e-02
6.676708657480767695e-02
1.138857542863532246e-01
8.979602434108632791e-02
1.387067784477521992e-01
8.051579107428549764e-02
1.290625788044877098e-01
1.149773071231168370e-01
3.519910529146616507e-02
9.253795276187375130e-02
1.028089694836552409e-01
-2.717229584253195995e-03
8.184088068598469046e-02
1.291512856783374741e-01
6.908953409410309443e-02
1.236122658292916066e-01
1.283447653237181074e-01
9.195153158457575193e-02
7.302615288913053004e-02
7.951645039053681363e-02
5.483201500869096245e-02
1.446602714234029863e-01
9.327674126535220878e-02
7.866595336256181070e-02
5.646359065625873586e-02
8.276851069216284440e-02
6.010973364049810447e-02
1.237460212019781958e-01
7.346613244758033734e-02
8.447246309262736175e-02
1.269515664451618953e-01
9.020844876412624502e-02
1.030251091240442646e-01
7.775546578272399256e-02
9.621628428306400194e-02
9.904847396716233432e-02
1.187031451893856560e-01
8.206949741082575356e-02
8.836627207800910877e-02
1.213768760162608901e-01
1.974577048841746202e-02
1.119826272353203755e-01
1.435937187543022409e-01
5.354253947336148900e-02
5.203315399948030273e-02
7.468583627637538636e-02
1.223637208745043531e-01
7.141942197502339218e-02
1.671807301524783906e-01
5.918694200067945582e-02
1.039054908546667294e-01
1.224805506535525529e-01
1.155042499417517216e-01
1.171584885563242695e-01
8.589513174172434817e-02
9.586682570758273125e-02
8.157787227904002292e-02
1.226457537851463331e-01
6.147689342921845712e-02
1.085246681392729590e-01
1.078079752098976551e-01
9.939716410159989135e-02
1.042926299986851185e-01
1.213698042100312541e-01
7.456448369155287137e-02
4.292899163773966631e-02
1.493608753595997707e-01
8.720883408737610532e-02
3.286550797742973651e-02
1.161953303967128981e-01
9.365992123129045221e-02
7.616250702815971496e-02
7.489360026612891519e-02
6.478136721314743662e-02
6.315745862707133895e-02
1.415350808425190066e-01
1.612321130512393286e-01
5.032736505157609647e-02
6.891018667468083725e-02
8.537104142888077285e-02
7.929853199884323578e-02
1.075863065219607728e-01
1.335118799178813820e-01
7.542594366090907276e-02
6.578963562682052513e-02
1.349511999105839077e-01
2.536587496069050984e-02
1.231185523823204453e-01
1.845586185353281783e-02
6.178179233326280828e-02
9.426136864755027545e-02
5.457071181040742264e-02
9.383435884222188217e-02
9.404044180396270436e-02
3.292418401161401748e-02
7.191705956930602439e-02
9.826078898582804588e-02
9.600642335006565053e-02
6.355839569906432396e-02
5.608637976921315715e-02
6.980971961010350169e-02
9.101286919099584038e-02
1.208626427180164442e-01
1.166929864209564349e-01
4.070112730558247960e-02
1.083418960381240526e-01
1.055890109601857751e-01
5.203608948113272459e-02
2.814527139740996553e-02
1.158891635196943742e-01
1.096345583522564532e-01
6.995560404516598663e-02
5.362921272093747888e-02
9.192559316852726148e-02
1.096117563613549645e-01
1.473144517992462932e-01
3.598489474524779047e-02
4.648064285223992703e-02
1.010345159505679768e-01
8.258093823405623923e-02
1.191809398622169086e-01
4.373950460192793654e-02
1.244661552168215973e-01
8.005682165288703633e-02
4.695222357296714721e-02
8.287826196724425165e-02
1.065413167260554628e-01
1.132887300462990937e-01
8.400694321785730223e-02
1.165471123285153204e-01
1.446817244175276074e-01
1.553291153266121716e-01
9.624578643712775050e-02
1.212550247706882384e-01
1.065409684779957955e-01
7.839379911025026737e-02
1.531817220871585783e-01
1.123077704671055221e-01
9.898207985348189686e-02
9.410104976020382261e-02
7.029563627858560759e-02
5.452285745854101862e-02
5.233976518151959439e-02
1.268938801022819196e-01
1.104011605139955804e-01
1.071604871251662372e-01
9.276105913860929753e-02
8.417150365631048681e-02
6.032329824030005505e-02
1.044689715811258773e-01
6.931046722246092529e-02
7.597906386247765820e-02
6.221037570281991169e-02
4.519707110548343287e-02
9.381969173593103506e-02
7.904442030522512708e-02
8.674980556630454420e-02
8.486717589104000870e-02
6.535751358788545462e-02
7.515713230184577209e-02
1.028462494055572690e-01
7.295104905498485393e-02
7.836044498273535275e-02
8.457059438767296211e-02
7.471791841837219228e-02
1.047918942105611484e-01
1.161706164511352307e-01
7.657565679170366679e-02
9.280335031684691649e-02
1.380787054568139438e-01
7.668121063510813240e-02
6.049721849335580603e-02
1.250150759293795766e-01
9.476003518328335318e-02
9.687119754267375926e-02
7.830752170193777673e-02
1.343503991077382997e-01
8.167759403366224580e-02
1.282852327019371186e-01
7.904067010539200799e-02
5.322738888422055142e-02
7.022923716204720890e-02
1.032508458267272916e-01
1.062604283144862327e-01
8.658230244200700032e-02
7.883094271737162151e-02
8.794151864904219129e-02
4.674218241867019591e-02
9.005308950659388079e-02
5.016876575533307792e-02
6.214819131762146232e-02
5.655189524334315598e-02
6.553633584187326666e-02
3.127354889993472220e-02
4.826452964731496598e-02
4.003494918368066119e-02
9.291227804827641157e-02
1.039730693704933318e-01
8.836742023198837503e-02
7.300894590564077635e-02
5.662243636582766498e-02
9.511744349930592590e-02
7.077367221338413950e-02
1.033220489217732824e-01
8.406891214974977766e-02
5.796161877990910899e-02
8.434245277769025773e-02
9.529216323278089096e-02
8.253171363307290620e-02
9.212220082754127293e-02
8.296668836307691253e-02
5.603617115848618518e-02
7.887461176108201411e-02
7.432000749590420008e-02
8.238211158078961871e-02
8.221301046900854337e-02
6.395240920363677584e-02
9.456330166858768760e-03
1.179522286716288698e-01
8.979443638793849214e-02
6.698432796035788672e-02
5.836331096911562266e-02
1.069073435676561462e-01
5.376126754203477270e-02
9.977586949327210686e-02
1.391399803532596124e-01
1.124615437079778818e-01
1.138665067525673341e-01
1.495047564509597304e-01
5.205204275101030925e-02
3.469042776167211711e-02
4.768593139412312387e-02
2.337672155938582894e-02
5.858906848136611473e-02
1.527697777215644356e-02
7.884469860944591513e-02
7.583526257022864259e-02
9.166199905079529253e-02
1.157288084210452289e-01
1.076451022585798584e-01
8.083302877063114344e-02
3.092916621914027289e-02
6.351353871045593846e-02
1.275176858024250071e-01
9.862619834664089480e-02
7.947387486894166853e-02
1.684842090445368978e-01
1.039452857091461568e-01
9.534664625056600562e-02
9.413000493440387695e-02
9.299749989768485436e-02
7.052314365265417717e-02
1.363280584309887744e-01
1.060450253561239231e-01
8.487999598850447247e-02
9.870097348492454237e-02
7.818806567121580620e-02
9.251634463584443302e-02
8.187471365434183246e-02
7.510828986703317611e-02
1.264426076423166290e-01
1.133022406843365443e-01
9.038900382797313005e-02
4.056376438668869017e-02
3.859213051845635650e-02
1.163644230420194658e-01
9.873522259631412057e-02
1.072818714284452246e-01
1.479167076872947850e-01
5.837661312421714432e-02
1.195863854609328925e-01
5.583389435077253105e-02
7.203782485552884252e-02
1.129649719676956848e-01
5.196541882303910148e-02
5.695012542359514929e-02
4.519097578958412159e-02
1.083726537923826311e-01
1.197976422633249549e-01
9.553484119490328330e-02
1.498767465316856173e-01
1.335069187696291404e-01
1.217863489076687622e-01
1.245115508726092057e-01
1.423021126425338401e-01
9.078046770286074540e-02
8.152488904854687801e-02
1.186544312456186551e-01
8.329456596945332414e-02
1.369306351683024503e-01
1.183034586121919918e-01
1.049405568898506419e-01
4.424236885083401849e-02
9.337914839934240152e-02
1.157821864100662818e-01
9.730835531014296602e-02
1.184494243699040078e-01
8.824244688256846492e-02
9.615956097659439372e-02
1.377116674633904747e-01
8.800561230979835059e-02
1.301391941014176101e-01
5.856101981533664430e-02
8.499495613077509559e-02
8.304585927824728597e-02
1.137298974332853485e-01
1.124607967301297501e-01
1.236108226136962973e-01
9.171931384399714671e-02
1.385852534574030237e-01
7.586177150340515929e-02
7.308349804068224598e-02
1.047806048409100077e-01
1.378599997956018730e-01
1.385021526574409800e-01
8.738757536463932774e-02
8.289890875092724432e-02
1.675385805597963407e-01
1.474428799725125971e-01
1.070979566939441879e-01
2.505505334532825978e-02
6.337124821700143573e-02
1.192179828858507817e-01
1.282871773150661976e-01
1.103484224798177149e-01
1.479579948498282449e-01
7.484082051016499593e-02
1.421946105697809160e-01
4.284354597074953308e-02
9.928554880167531071e-02
1.314237277275408788e-01
5.456048020409763610e-02
6.095157294951828592e-02
3.804650146036092639e-02
1.275296860181432401e-01
1.096261827680717338e-01
1.654779345750374275e-01
1.083336103715841076e-01
1.306447021550263821e-01
1.277309367904925358e-02
9.928476164542315852e-02
1.585699765871515995e-02
1.323159872899455081e-01
6.141481788707886524e-02
7.697734611269123339e-02
6.561130445845231307e-02
4.463106638707467488e-02
1.773796997870300540e-01
5.863480505344060428e-02
1.290296399014598805e-01
5.080927555103725846e-02
1.379712770197588922e-01
1.219184858052430459e-01
8.052230485325623244e-02
1.282493586266096885e-01
1.133284417821292384e-01
3.874173765711513145e-02
1.073924011961885222e-01
5.797635225023741595e-03
1.150779234945405183e-01
7.456587730543348669e-02
2.949173782843549085e-02
7.587647235218829278e-02
1.270785960193011876e-01
9.933194561460316485e-02
8.081980504487241979e-02
1.024441606515524295e-01
7.632204769326064731e-02
1.235971198509243779e-01
8.665286256406537491e-02
1.444523685879607333e-01
7.321809841077774050e-02
5.915354386310815032e-02
1.212059560307094386e-01
4.005115175943340516e-02
1.426157552997419364e-01
1.125681064466529657e-01
1.230806011346602946e-01
1.013740747478912435e-01
1.570544949000673707e-01
1.182459941565208450e-01
7.523759838768735719e-02
8.567190037601862818e-02
1.068870023357242488e-01
7.955678703110750927e-02
1.167743139087226850e-01
1.042692571068610380e-01
1.133879242364830703e-01
7.615414636375369972e-02
4.605603000535136299e-02
1.006134467621450923e-01
9.260972941409638393e-02
1.507121893842218452e-01
5.651069585765548797e-02
1.302522088033779557e-01
1.206635437871973471e-01
4.241064712774898771e-02
9.486221865752617055e-02
1.133582471291224858e-01
8.811420828856071641e-02
-4.689575666913456398e-04
8.183824970398823062e-02
6.417150978965996400e-02
1.113322165608318648e-03
5.044808581885358578e-02
1.174749209993678212e-01
6.122363891468769054e-02
1.394344002884098377e-01
9.523491581632816116e-02
6.791427905399458065e-02
1.600182928150576389e-01
-2.255431787608842484e-02
1.125783973258448201e-01
7.104333695056840037e-02
1.322451158932973214e-02
1.446373106641407613e-01
1.060451830940019741e-01
6.037740143046422397e-02
8.854441872587788531e-02
6.111552448437410079e-02
1.300689092795863921e-01
5.946570751461437154e-02
5.063230580869269165e-02
9.217704252099058471e-02
6.949822735376454119e-02
1.012520621402501625e-01
1.271458577528294942e-01
1.004790073521710653e-01
1.170686605075345471e-01
1.463000378858516359e-01
9.680550232298106017e-02
8.910633161500638999e-02
5.609485097982432750e-02
9.846629080281091295e-02
6.980596894796670115e-02
1.142555967109847026e-01
7.336184820359585579e-02
9.018460153614289709e-02
1.284538527083225468e-01
7.118901718316550387e-02
9.087289604711637492e-02
9.657068844273838937e-02
8.820404455615636630e-02
8.017942755790360976e-02
1.338536871603202560e-01
1.230426652869276716e-01
1.073424144096222638e-01
9.078612611289248180e-02
6.914779440256164922e-02
1.127482396464233733e-01
9.165112339140572828e-02
8.588675163248424282e-02
1.365454119196012339e-01
1.040244940957344294e-01
1.212678265961621288e-01
1.079316264697771088e-01
2.121009461922157557e-02
5.311816763985097861e-02
1.106788612223917750e-01
5.964950776977965413e-02
4.322639708007156023e-02
1.596477877475686868e-01
1.271570843060321476e-01
1.022444243132992481e-01
6.708414517696041635e-02
3.855552803572932785e-02
7.850790079145850142e-02
6.619359387423320862e-02
9.392163990844577814e-02
1.269242832800950849e-01
4.749804334980824161e-02
9.728026817831944562e-02
5.664052161201355018e-02
4.524831631538429183e-02
1.159422115738233533e-01
1.365998805416076822e-01
1.367973291927972179e-01
7.592153395003956029e-02
1.153138049775520868e-01
8.987486093827797007e-02
1.246763720826085664e-01
7.598248560419816611e-02
4.064482136225865128e-02
1.568572669904410577e-01
1.283531603844706714e-01
1.280705536329764527e-01
8.933987883440284994e-02
8.440680998518228229e-02
5.867979202839907621e-02
9.623869332714148073e-02
1.181845168490636561e-01
1.033602746758524038e-01
1.465113000074912131e-01
1.298485913261652469e-01
1.105718762416233319e-01
5.670793067699377021e-02
5.068312110162333239e-02
1.045796491985081234e-01
1.141234911684721326e-01
3.162396810218959936e-02
5.573135267250513281e-02
4.379036315351904352e-02
8.053009916773383459e-02
1.042582359913481055e-01
5.757086765747232437e-02
8.246452329809117465e-02
4.639181674403318467e-02
1.596588910281216689e-01
1.488373439233550144e-01
7.666349733138057287e-02
7.869314972449951984e-02
1.165895390084702443e-01
6.387704904856314481e-02
1.404922452831191271e-01
5.252038828307306617e-02
7.203877456438588511e-02
9.049272787885770386e-02
9.585448426805782962e-02
1.068010387855543308e-01
5.857477533536564751e-02
1.433352283266488003e-01
1.234658253007836770e-01
9.041167497785951301e-02
1.530254638911797693e-01
1.187665985724561807e-01
9.770309693409190421e-02
1.443859478687473386e-01
8.454291051756990250e-02
1.049293761213773851e-01
1.310688560081194609e-01
1.599669608650678143e-01
9.656744291051488904e-02
1.097655919143940284e-01
1.000356120574831115e-01
9.181808679223028846e-02
1.501200045950507322e-01
1.155402850668662273e-01
7.599807877529655975e-02
1.418826137180092262e-01
7.266217400017581374e-02
3.869853841170806108e-02
1.045644104911826189e-01
9.258100732900551022e-02
1.419707055633772919e-01
1.138032894093878034e-01
1.231430289558564095e-01
5.084017089937660494e-02
1.046262219118622577e-01
9.069205748716786808e-02
5.358555461040732937e-02
9.819038673191575473e-02
8.119907236270365591e-02
9.391740369176618253e-02
7.182793898568728963e-02
1.064527801556977571e-01
4.035111633781075791e-02
7.633978047635171793e-02
5.725636804268622454e-02
8.834504410504828709e-02
4.338833830604716529e-02
8.117546099875147525e-02
1.269017951438685121e-01
1.075225962653624801e-01
9.715676633816100471e-02
1.064974126392486814e-01
7.803189948125884012e-02
1.324590362106692898e-01
1.170960639150532140e-01
8.417284012519714309e-02
1.218687220137722876e-01
7.942364041343398517e-02
1.104396506186522964e-01
4.116485652571628961e-02
1.012633090164277855e-01
8.274242777849120933e-02
9.504310580529498620e-02
3.747316898678287878e-02
1.110950979350306261e-01
1.038879994323988892e-01
7.764833087181309546e-02
8.478081903039071110e-02
7.783572014427886376e-02
1.605535501846418744e-01
1.359802326313470644e-01
6.673637726151920857e-02
9.369020595446624078e-02
9.667851696847690190e-02
1.460937471334172733e-01
5.119390101082693656e-02
1.379965080757727114e-01
6.311125806841477726e-02
8.666574651891563452e-02
1.134355126373695621e-01
4.983412235243983579e-03
6.450468964578656705e-02
6.460664455935066774e-02
7.388075548808814563e-02
7.457473464406295938e-02
6.888359930268303510e-02
6.119030241668973330e-02
9.301026069341342128e-02
1.288809865326008830e-01
6.851622356344409803e-02
8.813272167046644345e-02
5.083798758790775141e-02
4.123695941084193350e-02
9.805421366831590380e-02
1.213239313808397446e-01
9.982333978827237497e-02
6.971573840809261458e-02
9.620886684429101610e-02
1.020727904961722318e-02
2.082408004222810471e-02
1.251138245612707089e-01
8.313811574883903099e-02
4.158919479815407355e-02
1.361703604994045913e-01
9.831988003461364367e-02
8.704324326509099707e-02
1.074932113427120722e-01
2.905107813057002109e-02
1.155785265457675570e-01
7.308100636109669812e-02
8.708686494578578297e-02
4.733252197817119228e-02
6.113484531775376096e-02
1.329563492436174610e-01
8.199705001070467514e-02
1.260102746250201244e-01
1.064556626118043914e-01
4.957072712135027204e-02
1.189070639903203747e-01
8.303195507748258042e-02
1.070597649040442023e-01
5.492558451432393019e-02
8.845698741666459253e-02
9.109014720474375992e-02
1.175172882981386085e-01
1.231899239966083442e-01
1.246242377120505423e-01
1.026941692555706775e-01
7.927212732354335656e-02
1.022190949380180902e-01
7.008797097595462211e-02
9.253966514300732138e-02
1.061632338885405147e-01
5.745188586905780603e-02
1.015684505197252396e-01
1.135890058904238525e-01
9.704210060562100393e-02
8.640054796044249752e-02
1.663599983203388755e-01
7.662376227983222488e-02
1.078116520201148482e-01
9.368641913017743128e-02
5.962663943435285441e-02
4.937145952395581572e-02
1.715329147720829062e-01
1.087342494748082117e-01
1.268539937329262735e-01
1.285731411268982161e-01
7.135004819619279737e-02
1.224814940060495183e-01
1.006641368141201337e-01
1.009144086873543927e-01
1.307111892448815649e-01
1.160867704807507506e-01
8.034179772526348073e-02
9.249439810589536737e-02
9.927785000984071240e-02
1.107855963704394292e-01
1.179884249143467734e-01
8.904841512118792657e-02
8.385133499709675198e-02
4.602162528960313664e-02
7.188243365290786224e-02
7.869356632558631437e-02
1.461317479116350793e-01
8.567039183000624281e-02
1.288317470982597024e-01
1.004478030035663855e-01
1.040625368057963157e-01
9.589144994773871056e-02
8.051516985974316309e-02
8.955166790173579860e-02
9.990120512700365052e-02
9.034770600397856732e-02
1.203712956699893866e-01
1.206481012851660650e-01
6.511224961202867478e-02
7.756853617657855082e-02
8.496359738540319728e-02
6.627537078493828115e-02
7.773330305281196673e-02
6.148573334413660885e-02
1.127967577065813465e-01
4.982337410662102117e-02
1.275773467652206450e-01
4.738186278708467203e-02
1.093439186397270196e-01
9.152802437904158928e-02
8.846616491902550838e-02
1.940709191277206480e-01
7.848635059581660078e-02
1.486749458937388912e-01
9.762867035574525343e-02
6.223968156648672367e-02
6.354761666100855466e-02
8.664926179045720489e-02
4.878763509125295939e-02
8.354572590167175239e-02
8.069103848042738503e-02
1.092032053868187413e-01
-6.418567479827483324e-04
5.586452789690815601e-02
7.698795323295462567e-02
1.229053103651245454e-01
1.496636603759231576e-01
1.339600855018412140e-01
7.475407947427833988e-02
1.107071712232494398e-01
7.352449675738978452e-02
3.216104851653353580e-02
9.581701751633742159e-02
1.017645863738409484e-01
1.290759025385991576e-01
1.155578071652858946e-01
1.005543399910226871e-01
6.768382716720673653e-02
5.367026716233877504e-02
8.904045922098108301e-02
8.955399159831410605e-02
1.198818660592037288e-01
6.116268551554018829e-02
1.112764323734646010e-01
9.294394647565927536e-02
6.348831137325455787e-02
1.040188538255526485e-01
4.421401954821417568e-02
9.283334419181996089e-02
9.790275964221460681e-02
1.368373037781265844e-01
1.078369644563242080e-01
1.113105287444713792e-01
9.805682569161609796e-02
1.103313543573510302e-01
9.050418762664981520e-02
8.944978517007101670e-02
5.649796386354079269e-02
8.391519805841289592e-02
5.140269448597419022e-03
1.082813217832037933e-01
8.828244846525255818e-02
1.325389799952596259e-01
8.530536310404258915e-02
8.444958249170626818e-02
1.028596998853236327e-01
1.108905948109774747e-01
1.164938350350720325e-01
1.511597313941570042e-01
1.118862607685056215e-01
1.110710917580271656e-01
1.029654274925190793e-01
1.249179270476217379e-01
7.039559648152045324e-02
5.257765472112974070e-02
1.002076016827274096e-01
6.036148254268915159e-02
4.954961818564564136e-02
8.831411021507534764e-02
7.616008822841904835e-02
1.426825179224559259e-01
7.189370695171129477e-02
8.087909276342651610e-02
2.984581797058530675e-02
6.136615679761284192e-02
4.217266789279348893e-02
1.038775213423914767e-01
7.883359317358368257e-02
1.520045495850598505e-01
7.348180638706443280e-02
5.985622829627383623e-02
1.124738239784561222e-01
5.607451608744943444e-02
8.628391045954597605e-02
9.844878520495091434e-02
2.075045207329822075e-02
8.398149719836765781e-02
5.321333279996884325e-02
1.396800846185984324e-01
7.948427972298766075e-02
1.295616278566724955e-01
7.586228717773797758e-02
9.643243995676488434e-02
2.592331814071061058e-02
6.535694368856290182e-02
6.869014606698856107e-02
3.678661078014455049e-02
9.443069933337433497e-02
9.638267822242628513e-02
7.567378470812560765e-02
1.248181866729503875e-01
8.499878545329082880e-02
6.156615702328670225e-02
9.215227418323314323e-02
5.909424771812731014e-02
4.941819298156135271e-02
1.167947408520943892e-01
7.804735622257606698e-02
8.977223998265906890e-03
7.750604376612117707e-02
8.263679499330110756e-02
6.916800616160831416e-02
1.119498285906127405e-01
1.584073194862601897e-01
6.841102829571597821e-02
9.636613259576190527e-02
5.955424978792767804e-02
4.058102286313591822e-02
8.319352975041977016e-02
6.438794509864206872e-02
1.080962994130468535e-01
1.033802773998188512e-01
9.814932474462972900e-02
9.261319702778247898e-02
1.130053365803536380e-01
8.247469323636479055e-02
1.460998780055733082e-01
9.071325760836002061e-02
1.357612849535641819e-01
4.400750341217087025e-02
1.350858075689454207e-01
9.605237284687356825e-02
9.350676560686253802e-02
1.075206449799415154e-01
1.081604401960739731e-01
1.203073550649108869e-01
9.246927417119091275e-02
3.728284438552666863e-02
4.724417279334093556e-02
9.405208307612056284e-02
5.419770217313121807e-02
1.063412241877219472e-01
7.377376395556872746e-02
1.045803948087915963e-01
4.840207674308128621e-02
8.503848106298421416e-02
9.788005699036662899e-02
6.865222219312244745e-02
1.332378946314861368e-01
8.443376354753734381e-02
5.484592988892673937e-02
1.115835788100182357e-01
8.654452302259965646e-02
9.785079839920145239e-02
1.494916360150992662e-01
6.142414441266491609e-02
8.233860550703979431e-02
1.974461818727694107e-01
5.846826106086636110e-02
8.165571803298318776e-02
8.682629567103271329e-02
9.087813902181751669e-02
5.783225398916035098e-02
5.238468859715743331e-02
1.238276546039545761e-01
6.703218438797543810e-03
7.081012824392196592e-02
1.250901783111187382e-01
8.573513462893281312e-02
1.437067404971165419e-01
1.029691342634464074e-01
9.467038451564514789e-02
9.037558329662559453e-02
1.135271852386188635e-01
8.068488594234116129e-02
1.014647340621416122e-01
7.090530363809291470e-02
6.040810323837333962e-02
1.504757292046723371e-01
1.064783658418478329e-01
9.840430395729424240e-02
8.624189997174684652e-02
9.099866228309259897e-02
9.424031383688560859e-02
8.423902712205513788e-02
1.338590405352015900e-01
1.199330462816942666e-01
1.354128103954080897e-01
5.741540770842301633e-02
1.757588904766884674e-01
1.287644191981657249e-02
7.331421689140674158e-02
6.998523023399291776e-02
1.384577009491452237e-01
7.815829947587291104e-02
1.221595519725535151e-01
3.086703036850150725e-02
1.039422772246605120e-01
7.576028726745570596e-02
4.624696669032401369e-02
1.128018670441283955e-01
8.971488297473877160e-02
6.727796688898007860e-02
2.717452546069329400e-02
8.816026316415749575e-02
1.478992509350998685e-01
3.114736435016642740e-02
9.365124665984415897e-02
4.018778245801310489e-03
1.257485277297287485e-01
9.223221726208517823e-02
4.029174975413948173e-02
6.043164990226592564e-02
5.957215794351648774e-02
5.985863991538822870e-02
8.700774559175912526e-02
9.638748044687603378e-02
1.086489304103794434e-01
9.801781941455602054e-02
4.632368007677253180e-02
8.958561747985192836e-02
5.178703926939488833e-02
7.911426713679399481e-02
8.471591832464152316e-02
1.588949175116596835e-01
9.473542775039538177e-02
3.321816065459266831e-02
5.544688007196574980e-02
1.032474962620693465e-01
1.036873900204199894e-01
1.263825183325658630e-01
8.102642430872625257e-02
6.288945399191897545e-02
9.546562096033275879e-02
5.887257336179917144e-02
1.674053871011228489e-01
1.389245348377465272e-01
8.897961118723356211e-02
5.158401284608588044e-02
1.022201789067160443e-01
1.215440442871277837e-01
1.585187878236504477e-01
7.250159361258023960e-02
9.381589183450741998e-02
1.100235188570708456e-01
4.435386496366468950e-02
9.476194799431421345e-02
9.570693172388360093e-02
1.151351125562484201e-01
9.247603220868511054e-02
-6.838557452888114480e-03
1.733519629301943227e-02
1.361972249728930495e-01
5.891066214689608810e-02
1.361176276064809398e-01
1.101926641735966467e-01
4.673804881154496049e-02
7.305323453511007592e-02
1.300859695486096812e-01
7.121384829051219389e-02
1.048119397128234737e-01
1.014110634872329719e-01
1.028314916268675827e-01
4.111080400261477030e-02
6.021832107109519744e-02
1.201872937427877069e-01
9.595420068761836840e-02
7.617487139761948411e-02
7.560382651985264602e-02
1.160084813100536322e-01
1.387400510267284559e-01
9.411671069668792189e-02
1.190162666599497293e-01
7.512019263694080795e-02
6.066718898183721953e-02
1.076532179915578591e-01
9.416490633182601766e-02
1.090618523631147335e-01
1.185559307903336912e-01
1.141453648351385408e-01
9.803163834299107038e-02
6.102153708663575482e-02
1.412454065023478755e-01
8.987042430675280802e-02
1.042851088485630406e-01
5.945547057237021010e-02
7.178061222481699200e-02
5.579375613880896423e-02
1.083848082706054400e-01
1.924577454675265031e-02
1.084298956144650328e-01
1.330977178702421604e-01
8.170472264396727580e-02
1.276810988337122310e-01
1.006249528916589725e-01
1.025547807135352152e-01
1.560813782747449696e-01
4.435106589735669097e-02
6.923262367023978736e-02
1.119863027144462619e-01
1.442757112289981825e-01
9.005443415050286282e-02
8.620377196218664828e-02
1.000956925218015464e-01
1.048709124099713036e-01
1.210026926626256161e-01
1.273525219603939829e-01
4.413974915378172936e-02
5.257388744864799346e-02
7.255100941406274206e-02
5.656938757342950402e-02
7.064822399277460863e-02
1.018949583528355601e-01
1.076285324187474801e-01
1.208106628840192875e-01
1.506719020638627726e-01
1.193076837938950169e-01
8.790780857726969433e-02
8.163723663431891875e-02
6.548265587069845850e-02
5.991738105919205970e-02
1.030988480840760446e-01
3.491688852033425494e-02
9.381929965678879879e-02
8.375190418908075307e-02
1.205502735944476572e-01
2.283285993938092423e-02
5.323625006415046851e-02
4.761959703277508088e-02
7.420596776048422882e-02
1.190670742858012943e-01
6.803171350017359065e-02
8.593095875960263252e-02
7.373761649731985779e-02
1.042102168239824739e-01
8.350628703696155730e-02
3.904440367447886001e-02
6.229666573569216104e-02
1.114608691732138085e-01
9.167368320357253964e-02
1.688809840535598628e-01
8.601172878221255425e-02
7.622962413873424214e-02
1.093856645187144816e-01
8.340088907036155574e-02
6.541847177124093804e-02
7.712637100255625988e-02
7.857355433471853445e-02
1.145303166311491816e-01
1.169996402604401436e-01
1.036958137502313748e-01
6.140598656361642010e-02
6.711275469398264581e-02
7.867432534204193972e-02
1.028939075177718321e-01
1.479059422638204779e-01
6.364918902865804307e-02
8.065295633915930962e-02
1.234181227328445679e-01
1.026985475007118759e-01
9.158129944407081280e-02
1.033127994555323448e-01
1.129576258752758716e-01
7.549899778340354861e-02
5.220463087020247445e-02
8.190269303198580153e-02
2.818939935949640527e-02
9.334070777134691188e-02
9.218882858844849870e-02
9.000765875579720687e-02
9.257505262158823023e-02
6.630354216081785212e-02
1.164830757465276367e-01
4.755173294313419508e-02
9.434527405274963086e-02
1.393665606610987040e-01
1.123912681927370510e-01
1.443257965130150811e-01
1.167338761223518789e-01
5.825239821123515127e-02
5.557165253356505241e-02
8.924464246126970202e-02
4.955564854852345658e-02
3.122735049755219830e-02
1.661141204156783568e-01
7.470582575636716682e-02
8.240470206629443850e-02
9.247354387663060671e-02
9.107129271987711439e-02
1.068745707066461048e-01
6.522414217838014283e-02
1.350781807585571814e-01
3.239125035948001857e-02
1.046650627471168021e-01
1.136807251282505316e-01
1.314989731398947259e-01
7.529101891629184917e-02
3.949456504525257483e-02
1.094200889176095565e-01
1.050039197103617566e-01
7.714844730197066569e-02
1.141428952880442771e-01
1.047821105325802693e-01
1.095915010543939277e-01
7.265380817360617138e-02
9.077794168554650933e-02
6.073838096460119212e-02
1.883791634274449844e-01
6.962178673322924616e-02
9.697133505991312186e-02
1.164086822880431721e-01
9.753605818134969407e-02
9.868196667455604587e-02
1.128791653734660255e-01
1.092533570454274072e-01
1.158826573131958859e-01
8.637422150463844317e-02
6.665383455638740351e-02
7.030107750204483974e-02
1.606302151420889446e-01
1.233248185880037318e-01
1.155008615803107958e-01
1.093644062785369825e-01
1.290380871121376005e-01
8.761265794368060245e-02
4.870732383232717622e-02
6.367356591560918710e-02
4.842292653347006481e-02
5.906657019919120399e-02
1.020572363172027874e-01
1.294130474071198689e-01
1.245882247462378883e-01
1.115713892799412021e-01
1.200712426239576719e-01
8.303619433747563838e-02
1.085968333708731970e-01
1.116001683982051351e-01
1.944716414392252957e-02
1.187758416069165657e-01
6.686521415912122235e-02
7.074820159485896431e-02
1.084654493259337160e-01
1.190701763598222135e-01
1.040289027840329839e-01
6.444210240174218229e-02
6.073662126086962210e-02
7.359017250652227782e-02
7.576437699108699853e-02
7.531270897024497368e-02
9.158560888940214806e-02
8.427378107801138107e-02
1.382665049129764290e-01
8.207913793172973149e-02
8.434069187366535769e-02
4.718186335215723837e-02
1.309066297293103032e-02
3.446529204047592276e-02
1.349623825681207229e-02
6.317372090956628605e-02
1.135775083772065791e-01
5.335082830683560151e-02
5.183161126303702237e-02
1.019641072616779415e-01
1.140259746070228369e-01
1.467447917389410050e-01
1.181321449215518155e-01
7.053010285751505626e-02
1.153155983682408320e-01
6.158901048643190823e-02
1.783834329349955408e-02
1.281228033372330127e-02
6.534647053404069039e-02
8.760576069615255701e-02
1.196505117686178371e-01
1.657307246351729102e-01
1.239162722650961473e-01
6.109473211386368813e-02
7.343005605009009229e-02
4.918623096582955267e-02
9.704362643588794468e-02
6.748900369307848923e-02
8.313529342729598925e-02
1.042375020794863438e-01
1.251130552273519714e-01
1.378026593578210446e-01
1.297258909080242772e-01
1.106078629135541502e-02
1.574848754292119124e-01
9.806099330782186430e-02
1.339902590045191910e-01
1.042699327702473061e-01
9.571718315491120621e-02
8.441108407256596446e-02
4.253542505494170567e-02
9.671295032909416056e-02
6.064563860406647217e-02
1.099809408561357033e-01
9.395269879725307027e-02
9.862792505627779316e-02
9.255545785922418556e-02
6.763579513008874389e-02
1.272558945194781910e-01
1.488195646056668098e-01
8.943479583746163919e-02
6.848501532820369664e-02
9.603920133068172271e-02
7.659682157829020288e-02
1.368333424164150935e-01
1.107946905386902603e-01
1.564281193784423651e-01
8.350298134475986345e-02
4.599645229255765189e-02
1.337919250990081410e-01
7.204743461553275719e-02
8.498314168234577526e-02
1.086832139132624664e-01
8.146500370567556770e-02
9.880511944812547798e-02
1.574472844297389595e-01
1.132366720725525161e-01
8.488585848064615635e-02
1.054366036783767335e-01
6.676110650776244382e-02
1.194545419979837486e-01
9.021751544918230059e-02
9.444704715338732293e-02
8.305498615377482352e-02
9.408904347624212627e-02
9.369262541995931892e-02
8.247268990442020720e-02
9.056533440713721017e-03
1.395645647980539306e-01
5.616002329284298933e-02
1.205043903782200970e-01
1.219174283025886152e-01
1.572326925933348885e-01
4.902776947576652222e-02
1.071732800046653056e-01
5.018275898989368183e-02
5.744234607990608005e-02
1.014172143672007614e-01
5.309620108613286038e-02
1.011065197934340881e-01
4.900785878899974884e-02
1.056623486502972775e-01
9.145454808755162923e-02
8.475107191321282207e-02
9.927335185665127348e-02
1.255218243740323647e-01
9.078798299984008890e-02
9.099390222369610481e-02
1.194405440514623162e-01
